# End-to-end latency: Istio vs Mazu
# QPS    Istio_p50(ms)   Istio_p90(ms)   Istio_p99(ms)   Mazu_p50(ms)    Mazu_p90(ms)    Mazu_p99(ms)  
  100    39.97           50.75           69.89           35.42           47.20           63.42         
  200    40.32           56.00           81.09           48.16           69.57           104.83        
  300    64.29           152.57          366.59          68.03           157.82          337.41        
  400    168.96          699.90          1740.00         123.01          389.89          1170.00       
  500    5080.00         11510.00        18870.00        11320.00        22040.00        28690.00      
  600    14170.00        25610.00        32870.00        19680.00        33980.00        42110.00      
  700    21040.00        36570.00        44600.00        26640.00        45880.00        54000.00      
  800    27870.00        46270.00        53400.00        32440.00        52800.00        60000.00      
