# End-to-end latency: Istio vs Mazu
# QPS    Istio_p50(ms)   Istio_p90(ms)   Istio_p99(ms)   Mazu_p50(ms)    Mazu_p90(ms)    Mazu_p99(ms)  
  100    39.81           50.56           70.40           37.76           49.02           66.56         
  200    40.13           57.09           84.61           34.62           48.96           72.89         
  300    66.88           153.09          336.13          67.97           172.41          390.40        
  400    574.97          3030.00         6790.00         1390.00         5260.00         9330.00       
  500    7340.00         15220.00        21000.00        13200.00        24480.00        31230.00      
  600    15520.00        28080.00        35290.00        21070.00        36500.00        44470.00      
  700    21480.00        37160.00        44790.00        27950.00        46860.00        54600.00      
  800    29280.00        47550.00        55800.00        33420.00        55200.00        63000.00      
