# RPS	details-v1	details-v1-2	details-v1-3	details-v1-4	details-v1-5	details-v1-6	details-v1-7	productpage-v1	productpage-v1-10	productpage-v1-11	productpage-v1-12	productpage-v1-13	productpage-v1-14	productpage-v1-15	productpage-v1-16	productpage-v1-17	productpage-v1-18	productpage-v1-19	productpage-v1-2	productpage-v1-20	productpage-v1-3	productpage-v1-4	productpage-v1-5	productpage-v1-6	productpage-v1-7	productpage-v1-8	productpage-v1-9	ratings-v1	reviews-v1	reviews-v2	reviews-v2-2	reviews-v2-3	reviews-v2-4	reviews-v2-5	reviews-v3	reviews-v3-2	reviews-v3-3	reviews-v3-4	reviews-v3-5	reviews-v3-6	istiod	kube-apiserver	kube-apiserver-2
100	0.05574853860750539	N/A	N/A	N/A	N/A	N/A	N/A	0.13787174634112825	N/A	N/A	N/A	N/A	N/A	N/A	N/A	N/A	N/A	N/A	0.1195796514600099	N/A	N/A	N/A	N/A	N/A	N/A	N/A	N/A	0.05255882553883829	0.021375721086875143	0.03412935868549858	0.03128534554501457	N/A	N/A	N/A	0.034581785579124405	0.034110703574090774	N/A	N/A	N/A	N/A	0.008190114901792925	0.18843364607522065	0.11162795609325256
200	0.10842931244300998	N/A	N/A	N/A	N/A	N/A	N/A	0.16141586305113378	N/A	N/A	N/A	N/A	N/A	N/A	N/A	N/A	N/A	N/A	0.19849547409106594	N/A	0.12914688233785776	N/A	N/A	N/A	N/A	N/A	N/A	0.09409245793154154	0.030355429341125423	0.050866377962918145	0.05404522410269237	N/A	N/A	N/A	0.050653358416807286	0.052898699246424576	N/A	N/A	N/A	N/A	0.004645138849207357	0.14886068575622247	0.10534009903129996
400	0.18789496286749122	N/A	N/A	N/A	N/A	N/A	N/A	0.1932757956563356	N/A	N/A	N/A	N/A	N/A	N/A	N/A	N/A	N/A	N/A	0.22810553358171118	N/A	0.2264230753411542	0.20976373412653465	0.12689373447978183	0.17518158781294882	N/A	N/A	N/A	0.19443175415789848	0.05933554942064515	0.10495292837424469	0.10594759821171573	N/A	N/A	N/A	0.10449043955690968	0.10031059648321435	N/A	N/A	N/A	N/A	0.006978320010673155	0.15477983641798684	0.10472149680751293
600	0.2509981129419987	0.13536782222265065	N/A	N/A	N/A	N/A	N/A	0.1824561404825851	N/A	N/A	N/A	N/A	N/A	N/A	N/A	N/A	N/A	N/A	0.21025638944263342	N/A	0.21235064431886091	0.23394768179817346	0.18894430882999427	0.2145570740736204	0.17261338000692072	0.13402515260529252	0.20012475171739755	0.2594385908150002	0.09032978278896667	0.16995656313770635	0.16820559408543664	N/A	N/A	N/A	0.15227754064015298	0.1674662388269268	N/A	N/A	N/A	N/A	0.009406195524178193	0.17822414524034408	0.10839517839654639
800	0.2717031070658479	0.2841814819113414	N/A	N/A	N/A	N/A	N/A	0.19431220587905138	0.14149166018154857	0.16414967639566994	0.15156397937914481	0.14975726279257104	0.1103737814533432	0.11875152703335731	N/A	N/A	N/A	N/A	0.19000518862944213	N/A	0.20768049338419184	0.21993580628481982	0.2065867189808615	0.1850502655330325	0.19614756020333168	0.18431937305931118	0.20853321602820898	0.29990267325477343	0.1897624730123472	0.13979031867627317	0.34878979717789843	N/A	N/A	N/A	0.3475533115232521	N/A	N/A	N/A	N/A	N/A	0.014249993355424083	0.16745593742288545	0.11022473694273703
1000	0.29939490023436666	0.33172374620373535	0.23964621350828813	N/A	N/A	N/A	N/A	0.19123616901821877	0.1992322308707516	0.20945057022192484	0.18300411421302945	0.1951140762384166	0.18210958989258427	0.20553687678436683	0.13729049992182604	0.1666471843211818	0.16776209496407052	0.17999157636357904	0.20201571326325118	N/A	0.20162473893682964	0.20588961110011306	0.19277103743446852	0.20443284908254847	0.19368925145684573	0.1963121931614602	0.2087324510543817	0.4711237805873338	0.2538710151805351	0.48316627446811294	N/A	N/A	N/A	N/A	0.4291101807844428	N/A	N/A	N/A	N/A	N/A	0.010895387094496025	0.18357517410343457	0.11596366465872465
1200	0.302657658828055	0.3324056000313821	0.33284294228527145	N/A	N/A	N/A	N/A	0.21461345807729193	0.22488976309516373	0.23105028350928322	0.20292520070005973	0.21633308519542577	0.22579135747640153	0.23450561107797296	0.2089942650023304	0.22261224767953536	0.21276050393641677	0.23358380667215542	0.20104572058652748	0.2082720544536621	0.21287014907648427	0.22537117467192672	0.2091044223226414	0.23060574359103525	0.21071628608736198	0.2106500405950974	0.20980498744355036	0.6219856240547965	0.2435607843574362	0.48689996212563014	0.1851274436978188	0.12299864063311715	N/A	N/A	0.4373479889634101	0.23488711156241393	0.19312554787734457	0.21604602524738958	N/A	N/A	0.015580975405528982	0.18089317042408612	0.10891452683244139
1400	0.32683150631272995	0.30491151855894233	0.3108204233762563	0.22489987329063865	N/A	N/A	N/A	0.23297413244165127	0.25038665196662274	0.26022298499023483	0.24293673731065543	0.22454099550649834	0.2568736631687604	0.25481850618313456	0.23059508016844704	0.23624640311226341	0.23593999390174542	0.25547493396569265	0.21740077620647205	0.23980354132208312	0.25091361448195154	0.25223061664583935	0.2333050246661559	0.22239525806788207	0.2494524249033761	0.22175990388222896	0.2481064580386258	0.7899431730793617	0.11214777504437498	0.2316832715453433	0.21664678594913725	0.21441154219733438	0.15709933263834583	0.16237803269342985	0.2081159408313252	0.1960527687643646	0.19214295929737768	0.22943154459077625	0.18767731733807352	N/A	0.013957861876857883	0.19387311675511565	0.1087209767003337
1600	0.2963870950927436	0.2791736634573085	0.31498887468108616	0.3133005425415532	N/A	N/A	N/A	0.26306412669325013	0.24538252160090623	0.2659090299935396	0.24354547668110146	0.24881759961732447	0.2694498224377782	0.26888764409208554	0.23748485433881006	0.2491494611538479	0.24226369650018037	0.23194458323368836	0.22208052427428893	0.2625921657330892	0.2748768548888525	0.25625766068428824	0.2667254311177855	0.23030384276069693	0.2710612064456044	0.26060541479999566	0.2649019351308345	0.8153656843270527	0.10175629232120342	0.22281108833475924	0.2130872356263199	0.2148116021994554	0.21334319261736948	0.1970805745532248	0.23068522944374417	0.21111764682632864	0.183842103158128	0.22245213904217875	0.22081991009565888	N/A	0.004106473705236251	0.18314225802916356	0.11199556833623009
1800	0.316499056546818	0.30448261054569636	0.3261943055533878	0.3343118078830404	N/A	N/A	N/A	0.24069679148034076	0.27804309805132643	0.2582751092771652	0.25585112007473476	0.2494593851651274	0.27149016884143023	0.2784792053343541	0.26266983793958154	0.24287612433493805	0.24707405182569495	0.2682543401874426	0.24067956492319603	0.27363106801632897	0.2680287231164123	0.2691423550171084	0.2500457712530839	0.2506128715883319	0.2536986096479499	0.24418180438820153	0.26715289701643324	0.8801912841183018	0.11895602690638132	0.23556400015847706	0.2158244062156783	0.24228805079287893	0.20445483374514484	0.19793514387339492	0.2318951382575746	0.22752629701349786	0.2002880078297763	0.22647142155297795	0.192975897119152	N/A	0.005745368861704523	0.1762930688996775	0.09128061401542192
2000	0.30143326662415654	0.3036776049793506	0.33759927112688126	0.3460444399846537	N/A	N/A	N/A	0.2498918738390416	0.2696598593772067	0.2870533806493837	0.24821065583977028	0.2575877702759266	0.25281414303885996	0.2884442869418723	0.23784191099358692	0.2444003082318572	0.2501525602793159	0.28886432401982265	0.2554385935247667	0.2545433197662015	0.27610835833373737	0.2829996526395475	0.2526835366504956	0.26519287830831845	0.26583246768983393	0.26714265049466923	0.2767031781150202	0.8245543985861535	0.17632311263888967	0.32473013103226533	0.17391364607826781	0.3184489214734804	0.29512481782576244	0.18076103751746253	0.31305021404780276	0.29889309893177946	0.15415352026507556	0.3088319596655729	N/A	N/A	0.008150836975721542	0.18751661745940362	0.10815064019883966
2200	0.29882586635228847	0.2897228290367039	0.29833855739414267	0.33968557099589997	0.24429408366459732	N/A	N/A	0.2594677035666386	0.275116421289817	0.29598512890378226	0.25951160405536533	0.26941685202318744	0.2769655732017028	0.2898922786866763	0.27272484467537855	0.26216032282556906	0.23690967495391643	0.2868137352347595	0.27743354194509645	0.2513094705539584	0.28212959165375995	0.29995160092693063	0.28667213528846847	0.27715763344282107	0.2791873411540671	0.2719433706801671	0.30129277436488683	0.8536680231706378	0.20729998806168268	0.36120942150726093	0.3351323921857618	0.3283008939202222	N/A	N/A	0.3478116249874011	0.3067140490029978	0.363508291351616	N/A	N/A	N/A	0.005860871635724687	0.1801453272368335	0.09799314012696547
2400	0.2717720032155527	0.31652654935632885	0.28695246033385197	0.3348534697690615	0.3353990551766766	N/A	N/A	0.2880798546491323	0.2665873079009049	0.30306459077884323	0.2751139961741804	0.29170588868874026	0.2811008890522161	0.3013460400741423	0.26747109465316976	0.30296308402308597	0.2937183421464403	0.30767018343122254	0.2689283760965068	0.2631529960240262	0.26226252050235777	0.3217083766915022	0.28396468364339666	0.2975226660942114	0.2779144551150181	0.27241880779782646	0.2904975498234279	0.8935352097284288	0.24122295318166645	0.36722929205860516	0.3570693692909648	0.3054124973337289	N/A	N/A	0.34429263030755436	0.33675549692595114	0.345886201804341	N/A	N/A	N/A	0.0037582463262829224	0.16054128666635548	0.09713564771289465
2600	0.3218562167467443	0.3339035875320268	0.3010298112123443	0.34962158338290084	0.32963379622727007	0.2563566710447237	N/A	0.3054685240447399	0.3068708666217672	0.3418499689284339	0.32909197361238335	0.327298052131646	0.3046523670705469	0.3302600785189662	0.29392893853614976	0.32850634601458134	0.318921407397949	0.3513561064008894	0.3047727687939689	0.2848385737885912	0.297351451331432	0.33242999045583893	0.3078762148693322	0.2979864055399899	0.3171910333106524	0.3161879336805218	0.34357741807177544	0.9339269024709755	0.26825970713520175	0.392355953332922	0.3651040516689118	0.3730672950601005	N/A	N/A	0.3687554307467251	0.3831412996362928	0.4132713516667206	N/A	N/A	N/A	0.006699580323908588	0.17190134935389087	0.108123752276727
2800	0.30643369061395864	0.31103103515736097	0.30070537172567774	0.3285995363759101	0.30179213747630423	0.3105050929547811	0.24854245798033459	0.3298513281291851	0.32270171016852445	0.3519395187421509	0.3373771864497419	0.36687053702950884	0.3175930706194883	0.3871111981880305	0.3401204992320275	0.30800670531964974	0.3620017399336677	0.37941313067954335	0.35571566697548407	0.3100572972636201	0.35741554176348067	0.393314000537243	0.35869291332721887	0.33473425644067756	0.34506487529503943	0.36582250455426146	0.39136932908994754	1.0503210167936483	0.29693294002238363	0.4275686038328473	0.39333786456565756	0.41907216058892793	0.19758856425821897	N/A	0.4222680050108918	0.3997553684299978	0.4462605594928139	0.2580940171627194	N/A	N/A	0.0091354939751611	0.17240585694354207	0.10110996095445708
3000	0.3181510492593642	0.3277107387819923	0.3249154801685663	0.3582347257321871	0.30032935558322676	0.3272543493344488	0.3368747882728526	0.3915973958206034	0.4128052311484597	0.3891480559556685	0.40117970451187157	0.40221229622979165	0.39407895365615137	0.42255887270194276	0.3857915982967263	0.39468848562080117	0.39052231436897816	0.4287688230998863	0.3881638238684449	0.38712907590643186	0.4175909897444155	0.4401157747400007	0.38580255648310563	0.36522647499990735	0.4143990596203438	0.378867728433894	0.42388978060626237	1.4896891207717402	0.22606156368026714	0.3168571867721849	0.3155248479557142	0.323043417883501	0.3352999223148233	0.2468121490623148	0.3143278063280021	0.31202245533994943	0.3119666876828217	0.37040225125833703	0.27768563068689706	0.2936824591581625	0.01142342463039683	0.21731611004761633	0.11617955226312304
3200	0.38422292182197054	0.34778171127089735	0.38489448321854697	0.3979052814739921	0.3387299495411303	0.3657875826538216	0.39129142581919724	0.4439833617911964	0.46502710681839804	0.44105067707131584	0.4143509264805133	0.402302571159007	0.428686157959846	0.42232479029758874	0.42548758810032616	0.38933972579567755	0.41837454599796536	0.4519385834309621	0.43793738776080127	0.41674932405680687	0.44691879982536376	0.4713676378731632	0.42949957960110036	0.37361030579490356	0.4496654249123932	0.42665329087588005	0.45318373118736177	1.6063600624847973	0.2274677411496695	0.3082964651476748	0.2959460488557153	0.3183060112055919	0.3552955528843453	0.299168016392222	0.2985403740011678	0.30606400835720704	0.32130182001917196	0.36725445163005427	0.3267036884136625	0.3494558283889498	0.005881619729762624	0.20351275061624371	0.10973544840497769
