# End-to-end latency: Istio vs Mazu
# QPS    Istio_p50(ms)   Istio_p90(ms)   Istio_p99(ms)   Mazu_p50(ms)    Mazu_p90(ms)    Mazu_p99(ms)  
  100    32.53           41.79           57.06           35.68           45.85           61.50         
  200    34.30           47.39           68.74           38.11           54.75           83.71         
  300    56.77           140.16          359.17          68.61           163.71          347.14        
  400    3790.00         10850.00        16370.00        137.73          434.94          1200.00       
  500    16770.00        29250.00        37290.00        6150.00         14250.00        20890.00      
  600    24460.00        41060.00        49350.00        18300.00        30920.00        38600.00      
  700    30260.00        50140.00        57600.00        24770.00        40570.00        47610.00      
  800    35680.00        60000.00        67200.00        31540.00        51600.00        59400.00      
