# Pooled-histogram latency for st5-AttUpd
# QPS        p50(ms)      p90(ms)      p99(ms)
  100        25.86        37.60        166.54      
  200        23.12        28.12        43.33       
  400        23.71        31.12        52.30       
  800        47.09        5731.81      12939.21    
  1200       36.58        1059.61      4637.04     
  1600       30.57        64.73        2633.99     
  2000       26.97        50.81        85.88       
  2400       3291.87      7789.93      12296.80    
  2800       8921.25      15619.19     19949.18    
  3200       16434.24     27263.79     31941.99    
