# End-to-end latency for Mazu
# QPS        p50(ms)      p90(ms)      p99(ms)     
  20         45.25        57.47        68.22       
  40         43.36        55.58        66.82       
  60         201.21       603.65       1020.00     
  80         829.44       1760.00      2970.00     
  100        715.26       1570.00      2560.00     
  500        78600.00     139200.00    178200.00   
  1000       106800.00    182400.00    200400.00   
  2000       116400.00    197400.00    217800.00   
  4000       120000.00    209400.00    229200.00   
