timestamp,app,version,phase,ready
1779248869,details,v1,Running,True
1779248869,details,v1,Running,True
1779248869,productpage,v1,Running,True
1779248869,productpage,v1,Running,True
1779248869,productpage,v1,Running,True
1779248869,productpage,v1,Running,True
1779248869,productpage,v1,Running,True
1779248869,productpage,v1,Running,True
1779248869,productpage,v1,Running,True
1779248869,productpage,v1,Running,True
1779248869,productpage,v1,Running,True
1779248869,productpage,v1,Running,True
1779248869,ratings,v1,Running,True
1779248869,reviews,v1,Running,True
1779248869,reviews,v2,Running,True
1779248869,reviews,v2,Running,True
1779248869,reviews,v3,Running,True
1779248870,details,v1,Running,True
1779248870,details,v1,Running,True
1779248870,productpage,v1,Running,True
1779248870,productpage,v1,Running,True
1779248870,productpage,v1,Running,True
1779248870,productpage,v1,Running,True
1779248870,productpage,v1,Running,True
1779248870,productpage,v1,Running,True
1779248870,productpage,v1,Running,True
1779248870,productpage,v1,Running,True
1779248870,productpage,v1,Running,True
1779248870,productpage,v1,Running,True
1779248870,ratings,v1,Running,True
1779248870,reviews,v1,Running,True
1779248870,reviews,v2,Running,True
1779248870,reviews,v2,Running,True
1779248870,reviews,v3,Running,True
1779248871,details,v1,Running,True
1779248871,details,v1,Running,True
1779248871,productpage,v1,Running,True
1779248871,productpage,v1,Running,True
1779248871,productpage,v1,Running,True
1779248871,productpage,v1,Running,True
1779248871,productpage,v1,Running,True
1779248871,productpage,v1,Running,True
1779248871,productpage,v1,Running,True
1779248871,productpage,v1,Running,True
1779248871,productpage,v1,Running,True
1779248871,productpage,v1,Running,True
1779248871,ratings,v1,Running,True
1779248871,reviews,v1,Running,True
1779248871,reviews,v2,Running,True
1779248871,reviews,v2,Running,True
1779248871,reviews,v3,Running,True
1779248872,details,v1,Running,True
1779248872,details,v1,Running,True
1779248872,productpage,v1,Running,True
1779248872,productpage,v1,Running,True
1779248872,productpage,v1,Running,True
1779248872,productpage,v1,Running,True
1779248872,productpage,v1,Running,True
1779248872,productpage,v1,Running,True
1779248872,productpage,v1,Running,True
1779248872,productpage,v1,Running,True
1779248872,productpage,v1,Running,True
1779248872,productpage,v1,Running,True
1779248872,ratings,v1,Running,True
1779248872,reviews,v1,Running,True
1779248872,reviews,v2,Running,True
1779248872,reviews,v2,Running,True
1779248872,reviews,v3,Running,True
1779248873,details,v1,Running,True
1779248873,details,v1,Running,True
1779248873,productpage,v1,Running,True
1779248873,productpage,v1,Running,True
1779248873,productpage,v1,Running,True
1779248873,productpage,v1,Running,True
1779248873,productpage,v1,Running,True
1779248873,productpage,v1,Running,True
1779248873,productpage,v1,Running,True
1779248873,productpage,v1,Running,True
1779248873,productpage,v1,Running,True
1779248873,productpage,v1,Running,True
1779248873,ratings,v1,Running,True
1779248873,reviews,v1,Running,True
1779248873,reviews,v2,Running,True
1779248873,reviews,v2,Running,True
1779248873,reviews,v3,Running,True
1779248874,details,v1,Running,True
1779248874,details,v1,Running,True
1779248874,productpage,v1,Running,True
1779248874,productpage,v1,Running,True
1779248874,productpage,v1,Running,True
1779248874,productpage,v1,Running,True
1779248874,productpage,v1,Running,True
1779248874,productpage,v1,Running,True
1779248874,productpage,v1,Running,True
1779248874,productpage,v1,Running,True
1779248874,productpage,v1,Running,True
1779248874,productpage,v1,Running,True
1779248874,ratings,v1,Running,True
1779248874,reviews,v1,Running,True
1779248874,reviews,v2,Running,True
1779248874,reviews,v3,Running,True
1779248875,details,v1,Running,True
1779248875,details,v1,Running,True
1779248875,productpage,v1,Running,True
1779248875,productpage,v1,Running,True
1779248875,productpage,v1,Running,True
1779248875,productpage,v1,Running,True
1779248875,productpage,v1,Running,True
1779248875,productpage,v1,Running,True
1779248875,productpage,v1,Running,True
1779248875,productpage,v1,Running,True
1779248875,productpage,v1,Running,True
1779248875,productpage,v1,Running,True
1779248875,ratings,v1,Running,True
1779248875,reviews,v1,Running,True
1779248875,reviews,v2,Running,True
1779248875,reviews,v3,Running,True
1779248876,details,v1,Running,True
1779248876,details,v1,Running,True
1779248876,productpage,v1,Running,True
1779248876,productpage,v1,Running,True
1779248876,productpage,v1,Running,True
1779248876,productpage,v1,Running,True
1779248876,productpage,v1,Running,True
1779248876,productpage,v1,Running,True
1779248876,productpage,v1,Running,True
1779248876,productpage,v1,Running,True
1779248876,productpage,v1,Running,True
1779248876,productpage,v1,Running,True
1779248876,ratings,v1,Running,True
1779248876,reviews,v1,Running,True
1779248876,reviews,v2,Running,True
1779248876,reviews,v3,Running,True
1779248877,details,v1,Running,True
1779248877,details,v1,Running,True
1779248877,productpage,v1,Running,True
1779248877,productpage,v1,Running,True
1779248877,productpage,v1,Running,True
1779248877,productpage,v1,Running,True
1779248877,productpage,v1,Running,True
1779248877,productpage,v1,Running,True
1779248877,productpage,v1,Running,True
1779248877,productpage,v1,Running,True
1779248877,productpage,v1,Running,True
1779248877,productpage,v1,Running,True
1779248877,ratings,v1,Running,True
1779248877,reviews,v1,Running,True
1779248877,reviews,v2,Running,True
1779248877,reviews,v3,Running,True
1779248878,details,v1,Running,True
1779248878,details,v1,Running,True
1779248878,productpage,v1,Running,True
1779248878,productpage,v1,Running,True
1779248878,productpage,v1,Running,True
1779248878,productpage,v1,Running,True
1779248878,productpage,v1,Running,True
1779248878,productpage,v1,Running,True
1779248878,productpage,v1,Running,True
1779248878,productpage,v1,Running,True
1779248878,productpage,v1,Running,True
1779248878,productpage,v1,Running,True
1779248878,ratings,v1,Running,True
1779248878,reviews,v1,Running,True
1779248878,reviews,v2,Running,True
1779248878,reviews,v3,Running,True
1779248879,details,v1,Running,True
1779248879,details,v1,Running,True
1779248879,productpage,v1,Running,True
1779248879,productpage,v1,Running,True
1779248879,productpage,v1,Running,True
1779248879,productpage,v1,Running,True
1779248879,productpage,v1,Running,True
1779248879,productpage,v1,Running,True
1779248879,productpage,v1,Running,True
1779248879,productpage,v1,Running,True
1779248879,productpage,v1,Running,True
1779248879,productpage,v1,Running,True
1779248879,ratings,v1,Running,True
1779248879,reviews,v1,Running,True
1779248879,reviews,v2,Running,True
1779248879,reviews,v3,Running,True
1779248880,details,v1,Running,True
1779248880,details,v1,Running,True
1779248880,productpage,v1,Running,True
1779248880,productpage,v1,Running,True
1779248880,productpage,v1,Running,True
1779248880,productpage,v1,Running,True
1779248880,productpage,v1,Running,True
1779248880,productpage,v1,Running,True
1779248880,productpage,v1,Running,True
1779248880,productpage,v1,Running,True
1779248880,productpage,v1,Running,True
1779248880,productpage,v1,Running,True
1779248880,ratings,v1,Running,True
1779248880,reviews,v1,Running,True
1779248880,reviews,v2,Running,True
1779248880,reviews,v3,Running,True
1779248881,details,v1,Running,True
1779248881,details,v1,Running,True
1779248881,productpage,v1,Running,True
1779248881,productpage,v1,Running,True
1779248881,productpage,v1,Running,True
1779248881,productpage,v1,Running,True
1779248881,productpage,v1,Running,True
1779248881,productpage,v1,Running,True
1779248881,productpage,v1,Running,True
1779248881,productpage,v1,Running,True
1779248881,productpage,v1,Running,True
1779248881,productpage,v1,Running,True
1779248881,ratings,v1,Running,True
1779248881,reviews,v1,Running,True
1779248881,reviews,v2,Running,True
1779248881,reviews,v3,Running,True
1779248882,details,v1,Running,True
1779248882,details,v1,Running,True
1779248882,productpage,v1,Running,True
1779248882,productpage,v1,Running,True
1779248882,productpage,v1,Running,True
1779248882,productpage,v1,Running,True
1779248882,productpage,v1,Running,True
1779248882,productpage,v1,Running,True
1779248882,productpage,v1,Running,True
1779248882,productpage,v1,Running,True
1779248882,productpage,v1,Running,True
1779248882,productpage,v1,Running,True
1779248882,ratings,v1,Running,True
1779248882,reviews,v1,Running,True
1779248882,reviews,v2,Running,True
1779248882,reviews,v3,Running,True
1779248883,details,v1,Running,True
1779248883,details,v1,Running,True
1779248883,productpage,v1,Running,True
1779248883,productpage,v1,Running,True
1779248883,productpage,v1,Running,True
1779248883,productpage,v1,Running,True
1779248883,productpage,v1,Running,True
1779248883,productpage,v1,Running,True
1779248883,productpage,v1,Running,True
1779248883,productpage,v1,Running,True
1779248883,productpage,v1,Running,True
1779248883,productpage,v1,Running,True
1779248883,ratings,v1,Running,True
1779248883,reviews,v1,Running,True
1779248883,reviews,v2,Running,True
1779248883,reviews,v3,Running,True
1779248884,details,v1,Running,True
1779248884,details,v1,Running,True
1779248884,productpage,v1,Running,True
1779248884,productpage,v1,Running,True
1779248884,productpage,v1,Running,True
1779248884,productpage,v1,Running,True
1779248884,productpage,v1,Running,True
1779248884,productpage,v1,Running,True
1779248884,productpage,v1,Running,True
1779248884,productpage,v1,Running,True
1779248884,productpage,v1,Running,True
1779248884,productpage,v1,Running,True
1779248884,ratings,v1,Running,True
1779248884,reviews,v1,Running,True
1779248884,reviews,v2,Running,True
1779248884,reviews,v3,Running,True
1779248885,details,v1,Running,True
1779248885,details,v1,Running,True
1779248885,productpage,v1,Running,True
1779248885,productpage,v1,Running,True
1779248885,productpage,v1,Running,True
1779248885,productpage,v1,Running,True
1779248885,productpage,v1,Running,True
1779248885,productpage,v1,Running,True
1779248885,productpage,v1,Running,True
1779248885,productpage,v1,Running,True
1779248885,productpage,v1,Running,True
1779248885,productpage,v1,Running,True
1779248885,ratings,v1,Running,True
1779248885,reviews,v1,Running,True
1779248885,reviews,v2,Running,True
1779248885,reviews,v3,Running,True
1779248886,details,v1,Running,True
1779248886,details,v1,Running,True
1779248886,productpage,v1,Running,True
1779248886,productpage,v1,Running,True
1779248886,productpage,v1,Running,True
1779248886,productpage,v1,Running,True
1779248886,productpage,v1,Running,True
1779248886,productpage,v1,Running,True
1779248886,productpage,v1,Running,True
1779248886,productpage,v1,Running,True
1779248886,productpage,v1,Running,True
1779248886,productpage,v1,Running,True
1779248886,ratings,v1,Running,True
1779248886,reviews,v1,Running,True
1779248886,reviews,v2,Running,True
1779248886,reviews,v3,Running,True
1779248887,details,v1,Running,True
1779248887,details,v1,Running,True
1779248887,productpage,v1,Running,True
1779248887,productpage,v1,Running,True
1779248887,productpage,v1,Running,True
1779248887,productpage,v1,Running,True
1779248887,productpage,v1,Running,True
1779248887,productpage,v1,Running,True
1779248887,productpage,v1,Running,True
1779248887,productpage,v1,Running,True
1779248887,productpage,v1,Running,True
1779248887,productpage,v1,Running,True
1779248887,ratings,v1,Running,True
1779248887,reviews,v1,Running,True
1779248887,reviews,v2,Running,True
1779248887,reviews,v3,Running,True
1779248888,details,v1,Running,True
1779248888,details,v1,Running,True
1779248888,productpage,v1,Running,True
1779248888,productpage,v1,Running,True
1779248888,productpage,v1,Running,True
1779248888,productpage,v1,Running,True
1779248888,productpage,v1,Running,True
1779248888,productpage,v1,Running,True
1779248888,productpage,v1,Running,True
1779248888,productpage,v1,Running,True
1779248888,productpage,v1,Running,True
1779248888,productpage,v1,Running,True
1779248888,ratings,v1,Running,True
1779248888,reviews,v1,Running,True
1779248888,reviews,v2,Running,True
1779248888,reviews,v3,Running,True
1779248889,details,v1,Running,True
1779248889,details,v1,Running,True
1779248889,productpage,v1,Running,True
1779248889,productpage,v1,Running,True
1779248889,productpage,v1,Running,True
1779248889,productpage,v1,Running,True
1779248889,productpage,v1,Running,True
1779248889,productpage,v1,Running,True
1779248889,productpage,v1,Running,True
1779248889,productpage,v1,Running,True
1779248889,productpage,v1,Running,True
1779248889,productpage,v1,Running,True
1779248889,ratings,v1,Running,True
1779248889,reviews,v1,Running,True
1779248889,reviews,v2,Running,True
1779248889,reviews,v3,Running,True
1779248890,details,v1,Running,True
1779248890,details,v1,Running,True
1779248890,productpage,v1,Running,True
1779248890,productpage,v1,Running,True
1779248890,productpage,v1,Running,True
1779248890,productpage,v1,Running,True
1779248890,productpage,v1,Running,True
1779248890,productpage,v1,Running,True
1779248890,productpage,v1,Running,True
1779248890,productpage,v1,Running,True
1779248890,productpage,v1,Running,True
1779248890,productpage,v1,Running,True
1779248890,ratings,v1,Running,True
1779248890,reviews,v1,Running,True
1779248890,reviews,v2,Running,True
1779248890,reviews,v3,Running,True
1779248891,details,v1,Running,True
1779248891,details,v1,Running,True
1779248891,productpage,v1,Running,True
1779248891,productpage,v1,Running,True
1779248891,productpage,v1,Running,True
1779248891,productpage,v1,Running,True
1779248891,productpage,v1,Running,True
1779248891,productpage,v1,Running,True
1779248891,productpage,v1,Running,True
1779248891,productpage,v1,Running,True
1779248891,productpage,v1,Running,True
1779248891,productpage,v1,Running,True
1779248891,ratings,v1,Running,True
1779248891,reviews,v1,Running,True
1779248891,reviews,v2,Running,True
1779248891,reviews,v3,Running,True
1779248892,details,v1,Running,True
1779248892,details,v1,Running,True
1779248892,productpage,v1,Running,True
1779248892,productpage,v1,Running,True
1779248892,productpage,v1,Running,True
1779248892,productpage,v1,Running,True
1779248892,productpage,v1,Running,True
1779248892,productpage,v1,Running,True
1779248892,productpage,v1,Running,True
1779248892,productpage,v1,Running,True
1779248892,productpage,v1,Running,True
1779248892,productpage,v1,Running,True
1779248892,ratings,v1,Running,True
1779248892,reviews,v1,Running,True
1779248892,reviews,v2,Running,True
1779248892,reviews,v3,Running,True
1779248893,details,v1,Running,True
1779248893,details,v1,Running,True
1779248893,productpage,v1,Running,True
1779248893,productpage,v1,Running,True
1779248893,productpage,v1,Running,True
1779248893,productpage,v1,Running,True
1779248893,productpage,v1,Running,True
1779248893,productpage,v1,Running,True
1779248893,productpage,v1,Running,True
1779248893,productpage,v1,Running,True
1779248893,productpage,v1,Running,True
1779248893,productpage,v1,Running,True
1779248893,ratings,v1,Running,True
1779248893,reviews,v1,Running,True
1779248893,reviews,v2,Running,True
1779248893,reviews,v3,Running,True
1779248894,details,v1,Running,True
1779248894,details,v1,Running,True
1779248894,productpage,v1,Running,True
1779248894,productpage,v1,Running,True
1779248894,productpage,v1,Running,True
1779248894,productpage,v1,Running,True
1779248894,productpage,v1,Running,True
1779248894,productpage,v1,Running,True
1779248894,productpage,v1,Running,True
1779248894,productpage,v1,Running,True
1779248894,productpage,v1,Running,True
1779248894,productpage,v1,Running,True
1779248894,ratings,v1,Running,True
1779248894,reviews,v1,Running,True
1779248894,reviews,v2,Running,True
1779248894,reviews,v3,Running,True
1779248895,details,v1,Running,True
1779248895,details,v1,Running,True
1779248895,productpage,v1,Running,True
1779248895,productpage,v1,Running,True
1779248895,productpage,v1,Running,True
1779248895,productpage,v1,Running,True
1779248895,productpage,v1,Running,True
1779248895,productpage,v1,Running,True
1779248895,productpage,v1,Running,True
1779248895,productpage,v1,Running,True
1779248895,productpage,v1,Running,True
1779248895,productpage,v1,Running,True
1779248895,ratings,v1,Running,True
1779248895,reviews,v1,Running,True
1779248895,reviews,v2,Running,True
1779248895,reviews,v3,Running,True
1779248896,details,v1,Running,True
1779248896,details,v1,Running,True
1779248896,productpage,v1,Running,True
1779248896,productpage,v1,Running,True
1779248896,productpage,v1,Running,True
1779248896,productpage,v1,Running,True
1779248896,productpage,v1,Running,True
1779248896,productpage,v1,Running,True
1779248896,productpage,v1,Running,True
1779248896,productpage,v1,Running,True
1779248896,productpage,v1,Running,True
1779248896,productpage,v1,Running,True
1779248896,ratings,v1,Running,True
1779248896,reviews,v1,Running,True
1779248896,reviews,v2,Running,True
1779248896,reviews,v3,Running,True
1779248897,details,v1,Running,True
1779248897,details,v1,Running,True
1779248897,productpage,v1,Running,True
1779248897,productpage,v1,Running,True
1779248897,productpage,v1,Running,True
1779248897,productpage,v1,Running,True
1779248897,productpage,v1,Running,True
1779248897,productpage,v1,Running,True
1779248897,productpage,v1,Running,True
1779248897,productpage,v1,Running,True
1779248897,productpage,v1,Running,True
1779248897,productpage,v1,Running,True
1779248897,ratings,v1,Running,True
1779248897,reviews,v1,Running,True
1779248897,reviews,v2,Running,True
1779248897,reviews,v3,Running,True
1779248898,details,v1,Running,True
1779248898,details,v1,Running,True
1779248898,productpage,v1,Running,True
1779248898,productpage,v1,Running,True
1779248898,productpage,v1,Running,True
1779248898,productpage,v1,Running,True
1779248898,productpage,v1,Running,True
1779248898,productpage,v1,Running,True
1779248898,productpage,v1,Running,True
1779248898,productpage,v1,Running,True
1779248898,productpage,v1,Running,True
1779248898,productpage,v1,Running,True
1779248898,ratings,v1,Running,True
1779248898,reviews,v1,Running,True
1779248898,reviews,v2,Running,True
1779248898,reviews,v3,Running,True
1779248899,details,v1,Running,True
1779248899,details,v1,Running,True
1779248899,productpage,v1,Running,True
1779248899,productpage,v1,Pending,False
1779248899,productpage,v1,Running,True
1779248899,productpage,v1,Running,True
1779248899,productpage,v1,Running,True
1779248899,productpage,v1,Running,True
1779248899,productpage,v1,Running,True
1779248899,productpage,v1,Running,True
1779248899,productpage,v1,Running,True
1779248899,productpage,v1,Pending,False
1779248899,productpage,v1,Running,True
1779248899,productpage,v1,Running,True
1779248899,ratings,v1,Running,True
1779248899,reviews,v1,Running,True
1779248899,reviews,v2,Running,True
1779248899,reviews,v3,Running,True
1779248900,details,v1,Running,True
1779248900,details,v1,Running,True
1779248900,productpage,v1,Running,True
1779248900,productpage,v1,Pending,False
1779248900,productpage,v1,Running,True
1779248900,productpage,v1,Running,True
1779248900,productpage,v1,Running,True
1779248900,productpage,v1,Running,True
1779248900,productpage,v1,Running,True
1779248900,productpage,v1,Running,True
1779248900,productpage,v1,Running,True
1779248900,productpage,v1,Pending,False
1779248900,productpage,v1,Running,True
1779248900,productpage,v1,Running,True
1779248900,ratings,v1,Running,True
1779248900,reviews,v1,Running,True
1779248900,reviews,v2,Running,True
1779248900,reviews,v3,Running,True
1779248901,details,v1,Running,True
1779248901,details,v1,Running,True
1779248901,productpage,v1,Running,True
1779248901,productpage,v1,Running,False
1779248901,productpage,v1,Running,True
1779248901,productpage,v1,Running,True
1779248901,productpage,v1,Running,True
1779248901,productpage,v1,Running,True
1779248901,productpage,v1,Running,True
1779248901,productpage,v1,Running,True
1779248901,productpage,v1,Running,True
1779248901,productpage,v1,Running,False
1779248901,productpage,v1,Running,True
1779248901,productpage,v1,Running,True
1779248901,ratings,v1,Running,True
1779248901,reviews,v1,Running,True
1779248901,reviews,v2,Running,True
1779248901,reviews,v3,Running,True
1779248902,details,v1,Running,True
1779248902,details,v1,Running,True
1779248902,productpage,v1,Running,True
1779248902,productpage,v1,Running,True
1779248902,productpage,v1,Running,True
1779248902,productpage,v1,Running,True
1779248902,productpage,v1,Running,True
1779248902,productpage,v1,Running,True
1779248902,productpage,v1,Running,True
1779248902,productpage,v1,Running,True
1779248902,productpage,v1,Running,True
1779248902,productpage,v1,Running,True
1779248902,productpage,v1,Running,True
1779248902,productpage,v1,Running,True
1779248902,ratings,v1,Running,True
1779248902,reviews,v1,Running,True
1779248902,reviews,v2,Running,True
1779248902,reviews,v3,Running,True
1779248903,details,v1,Running,True
1779248903,details,v1,Running,True
1779248903,productpage,v1,Running,True
1779248903,productpage,v1,Running,True
1779248903,productpage,v1,Running,True
1779248903,productpage,v1,Running,True
1779248903,productpage,v1,Running,True
1779248903,productpage,v1,Running,True
1779248903,productpage,v1,Running,True
1779248903,productpage,v1,Running,True
1779248903,productpage,v1,Running,True
1779248903,productpage,v1,Running,True
1779248903,productpage,v1,Running,True
1779248903,productpage,v1,Running,True
1779248903,ratings,v1,Running,True
1779248903,reviews,v1,Running,True
1779248903,reviews,v2,Running,True
1779248903,reviews,v3,Running,True
1779248904,details,v1,Running,True
1779248904,details,v1,Running,True
1779248904,productpage,v1,Running,True
1779248904,productpage,v1,Running,True
1779248904,productpage,v1,Running,True
1779248904,productpage,v1,Running,True
1779248904,productpage,v1,Running,True
1779248904,productpage,v1,Running,True
1779248904,productpage,v1,Running,True
1779248904,productpage,v1,Running,True
1779248904,productpage,v1,Running,True
1779248904,productpage,v1,Running,True
1779248904,productpage,v1,Running,True
1779248904,productpage,v1,Running,True
1779248904,ratings,v1,Running,True
1779248904,reviews,v1,Running,True
1779248904,reviews,v2,Running,True
1779248904,reviews,v3,Running,True
1779248905,details,v1,Running,True
1779248905,details,v1,Running,True
1779248905,productpage,v1,Running,True
1779248905,productpage,v1,Running,True
1779248905,productpage,v1,Running,True
1779248905,productpage,v1,Running,True
1779248905,productpage,v1,Running,True
1779248905,productpage,v1,Running,True
1779248905,productpage,v1,Running,True
1779248905,productpage,v1,Running,True
1779248905,productpage,v1,Running,True
1779248905,productpage,v1,Running,True
1779248905,productpage,v1,Running,True
1779248905,productpage,v1,Running,True
1779248905,ratings,v1,Running,True
1779248905,reviews,v1,Running,True
1779248905,reviews,v2,Running,True
1779248905,reviews,v3,Running,True
1779248906,details,v1,Running,True
1779248906,details,v1,Running,True
1779248906,productpage,v1,Running,True
1779248906,productpage,v1,Running,True
1779248906,productpage,v1,Running,True
1779248906,productpage,v1,Running,True
1779248906,productpage,v1,Running,True
1779248906,productpage,v1,Running,True
1779248906,productpage,v1,Running,True
1779248906,productpage,v1,Running,True
1779248906,productpage,v1,Running,True
1779248906,productpage,v1,Running,True
1779248906,productpage,v1,Running,True
1779248906,productpage,v1,Running,True
1779248906,ratings,v1,Running,True
1779248906,reviews,v1,Running,True
1779248906,reviews,v2,Running,True
1779248906,reviews,v3,Running,True
1779248907,details,v1,Running,True
1779248907,details,v1,Running,True
1779248907,productpage,v1,Running,True
1779248907,productpage,v1,Running,True
1779248907,productpage,v1,Running,True
1779248907,productpage,v1,Running,True
1779248907,productpage,v1,Running,True
1779248907,productpage,v1,Running,True
1779248907,productpage,v1,Running,True
1779248907,productpage,v1,Running,True
1779248907,productpage,v1,Running,True
1779248907,productpage,v1,Running,True
1779248907,productpage,v1,Running,True
1779248907,productpage,v1,Running,True
1779248907,ratings,v1,Running,True
1779248907,reviews,v1,Running,True
1779248907,reviews,v2,Running,True
1779248907,reviews,v3,Running,True
1779248908,details,v1,Running,True
1779248908,details,v1,Running,True
1779248908,productpage,v1,Running,True
1779248908,productpage,v1,Running,True
1779248908,productpage,v1,Running,True
1779248908,productpage,v1,Running,True
1779248908,productpage,v1,Running,True
1779248908,productpage,v1,Running,True
1779248908,productpage,v1,Running,True
1779248908,productpage,v1,Running,True
1779248908,productpage,v1,Running,True
1779248908,productpage,v1,Running,True
1779248908,productpage,v1,Running,True
1779248908,productpage,v1,Running,True
1779248908,ratings,v1,Running,True
1779248908,reviews,v1,Running,True
1779248908,reviews,v2,Running,True
1779248908,reviews,v3,Running,True
1779248909,details,v1,Running,True
1779248909,details,v1,Running,True
1779248909,productpage,v1,Running,True
1779248909,productpage,v1,Running,True
1779248909,productpage,v1,Running,True
1779248909,productpage,v1,Running,True
1779248909,productpage,v1,Running,True
1779248909,productpage,v1,Running,True
1779248909,productpage,v1,Running,True
1779248909,productpage,v1,Running,True
1779248909,productpage,v1,Running,True
1779248909,productpage,v1,Running,True
1779248909,productpage,v1,Running,True
1779248909,productpage,v1,Running,True
1779248909,ratings,v1,Running,True
1779248909,reviews,v1,Running,True
1779248909,reviews,v2,Running,True
1779248909,reviews,v3,Running,True
1779248910,details,v1,Running,True
1779248910,details,v1,Running,True
1779248910,productpage,v1,Running,True
1779248910,productpage,v1,Running,True
1779248910,productpage,v1,Running,True
1779248910,productpage,v1,Running,True
1779248910,productpage,v1,Running,True
1779248910,productpage,v1,Running,True
1779248910,productpage,v1,Running,True
1779248910,productpage,v1,Running,True
1779248910,productpage,v1,Running,True
1779248910,productpage,v1,Running,True
1779248910,productpage,v1,Running,True
1779248910,productpage,v1,Running,True
1779248910,ratings,v1,Running,True
1779248910,reviews,v1,Running,True
1779248910,reviews,v2,Running,True
1779248910,reviews,v3,Running,True
1779248911,details,v1,Running,True
1779248911,details,v1,Running,True
1779248911,productpage,v1,Running,True
1779248911,productpage,v1,Running,True
1779248911,productpage,v1,Running,True
1779248911,productpage,v1,Running,True
1779248911,productpage,v1,Running,True
1779248911,productpage,v1,Running,True
1779248911,productpage,v1,Running,True
1779248911,productpage,v1,Running,True
1779248911,productpage,v1,Running,True
1779248911,productpage,v1,Running,True
1779248911,productpage,v1,Running,True
1779248911,productpage,v1,Running,True
1779248911,ratings,v1,Running,True
1779248911,reviews,v1,Running,True
1779248911,reviews,v2,Running,True
1779248911,reviews,v3,Running,True
1779248912,details,v1,Running,True
1779248912,details,v1,Running,True
1779248912,productpage,v1,Running,True
1779248912,productpage,v1,Running,True
1779248912,productpage,v1,Running,True
1779248912,productpage,v1,Running,True
1779248912,productpage,v1,Running,True
1779248912,productpage,v1,Running,True
1779248912,productpage,v1,Running,True
1779248912,productpage,v1,Running,True
1779248912,productpage,v1,Running,True
1779248912,productpage,v1,Running,True
1779248912,productpage,v1,Running,True
1779248912,productpage,v1,Running,True
1779248912,ratings,v1,Running,True
1779248912,reviews,v1,Running,True
1779248912,reviews,v2,Running,True
1779248912,reviews,v3,Running,True
1779248913,details,v1,Running,True
1779248913,details,v1,Running,True
1779248913,productpage,v1,Running,True
1779248913,productpage,v1,Running,True
1779248913,productpage,v1,Pending,False
1779248913,productpage,v1,Pending,False
1779248913,productpage,v1,Running,True
1779248913,productpage,v1,Running,True
1779248913,productpage,v1,Running,True
1779248913,productpage,v1,Running,True
1779248913,productpage,v1,Running,True
1779248913,productpage,v1,Running,True
1779248913,productpage,v1,Running,True
1779248913,productpage,v1,Running,True
1779248913,productpage,v1,Running,True
1779248913,productpage,v1,Running,True
1779248913,ratings,v1,Running,True
1779248913,reviews,v1,Running,True
1779248913,reviews,v2,Running,True
1779248913,reviews,v3,Running,True
1779248914,details,v1,Running,True
1779248914,details,v1,Running,True
1779248914,productpage,v1,Running,True
1779248914,productpage,v1,Running,True
1779248914,productpage,v1,Pending,False
1779248914,productpage,v1,Pending,False
1779248914,productpage,v1,Running,True
1779248914,productpage,v1,Running,True
1779248914,productpage,v1,Running,True
1779248914,productpage,v1,Running,True
1779248914,productpage,v1,Running,True
1779248914,productpage,v1,Running,True
1779248914,productpage,v1,Running,True
1779248914,productpage,v1,Running,True
1779248914,productpage,v1,Running,True
1779248914,productpage,v1,Running,True
1779248914,ratings,v1,Running,True
1779248914,reviews,v1,Running,True
1779248914,reviews,v2,Running,True
1779248914,reviews,v3,Running,True
1779248915,details,v1,Running,True
1779248915,details,v1,Running,True
1779248915,productpage,v1,Running,True
1779248915,productpage,v1,Running,True
1779248915,productpage,v1,Running,False
1779248915,productpage,v1,Pending,False
1779248915,productpage,v1,Running,True
1779248915,productpage,v1,Running,True
1779248915,productpage,v1,Running,True
1779248915,productpage,v1,Running,True
1779248915,productpage,v1,Running,True
1779248915,productpage,v1,Running,True
1779248915,productpage,v1,Running,True
1779248915,productpage,v1,Running,True
1779248915,productpage,v1,Running,True
1779248915,productpage,v1,Running,True
1779248915,ratings,v1,Running,True
1779248915,reviews,v1,Running,True
1779248915,reviews,v2,Running,True
1779248915,reviews,v3,Running,True
1779248916,details,v1,Running,True
1779248916,details,v1,Running,True
1779248916,productpage,v1,Running,True
1779248916,productpage,v1,Running,True
1779248916,productpage,v1,Running,True
1779248916,productpage,v1,Running,False
1779248916,productpage,v1,Running,True
1779248916,productpage,v1,Running,True
1779248916,productpage,v1,Running,True
1779248916,productpage,v1,Running,True
1779248916,productpage,v1,Running,True
1779248916,productpage,v1,Running,True
1779248916,productpage,v1,Running,True
1779248916,productpage,v1,Running,True
1779248916,productpage,v1,Running,True
1779248916,productpage,v1,Running,True
1779248916,ratings,v1,Running,True
1779248916,reviews,v1,Running,True
1779248916,reviews,v2,Running,True
1779248916,reviews,v3,Running,True
1779248917,details,v1,Running,True
1779248917,details,v1,Running,True
1779248917,productpage,v1,Running,True
1779248917,productpage,v1,Running,True
1779248917,productpage,v1,Running,True
1779248917,productpage,v1,Running,True
1779248917,productpage,v1,Running,True
1779248917,productpage,v1,Running,True
1779248917,productpage,v1,Running,True
1779248917,productpage,v1,Running,True
1779248917,productpage,v1,Running,True
1779248917,productpage,v1,Running,True
1779248917,productpage,v1,Running,True
1779248917,productpage,v1,Running,True
1779248917,productpage,v1,Running,True
1779248917,productpage,v1,Running,True
1779248917,ratings,v1,Running,True
1779248917,reviews,v1,Running,True
1779248917,reviews,v2,Running,True
1779248917,reviews,v3,Running,True
1779248918,details,v1,Running,True
1779248918,details,v1,Running,True
1779248918,productpage,v1,Running,True
1779248918,productpage,v1,Running,True
1779248918,productpage,v1,Running,True
1779248918,productpage,v1,Running,True
1779248918,productpage,v1,Running,True
1779248918,productpage,v1,Running,True
1779248918,productpage,v1,Running,True
1779248918,productpage,v1,Running,True
1779248918,productpage,v1,Running,True
1779248918,productpage,v1,Running,True
1779248918,productpage,v1,Running,True
1779248918,productpage,v1,Running,True
1779248918,productpage,v1,Running,True
1779248918,productpage,v1,Running,True
1779248918,ratings,v1,Running,True
1779248918,reviews,v1,Running,True
1779248918,reviews,v2,Running,True
1779248918,reviews,v3,Running,True
1779248919,details,v1,Running,True
1779248919,details,v1,Running,True
1779248919,productpage,v1,Running,True
1779248919,productpage,v1,Running,True
1779248919,productpage,v1,Running,True
1779248919,productpage,v1,Running,True
1779248919,productpage,v1,Running,True
1779248919,productpage,v1,Running,True
1779248919,productpage,v1,Running,True
1779248919,productpage,v1,Running,True
1779248919,productpage,v1,Running,True
1779248919,productpage,v1,Running,True
1779248919,productpage,v1,Running,True
1779248919,productpage,v1,Running,True
1779248919,productpage,v1,Running,True
1779248919,productpage,v1,Running,True
1779248919,ratings,v1,Running,True
1779248919,reviews,v1,Running,True
1779248919,reviews,v2,Running,True
1779248919,reviews,v3,Running,True
1779248920,details,v1,Running,True
1779248920,details,v1,Running,True
1779248920,productpage,v1,Running,True
1779248920,productpage,v1,Running,True
1779248920,productpage,v1,Running,True
1779248920,productpage,v1,Running,True
1779248920,productpage,v1,Running,True
1779248920,productpage,v1,Running,True
1779248920,productpage,v1,Running,True
1779248920,productpage,v1,Running,True
1779248920,productpage,v1,Running,True
1779248920,productpage,v1,Running,True
1779248920,productpage,v1,Running,True
1779248920,productpage,v1,Running,True
1779248920,productpage,v1,Running,True
1779248920,productpage,v1,Running,True
1779248920,ratings,v1,Running,True
1779248920,reviews,v1,Running,True
1779248920,reviews,v2,Running,True
1779248920,reviews,v3,Running,True
1779248921,details,v1,Running,True
1779248921,details,v1,Running,True
1779248921,productpage,v1,Running,True
1779248921,productpage,v1,Running,True
1779248921,productpage,v1,Running,True
1779248921,productpage,v1,Running,True
1779248921,productpage,v1,Running,True
1779248921,productpage,v1,Running,True
1779248921,productpage,v1,Running,True
1779248921,productpage,v1,Running,True
1779248921,productpage,v1,Running,True
1779248921,productpage,v1,Running,True
1779248921,productpage,v1,Running,True
1779248921,productpage,v1,Running,True
1779248921,productpage,v1,Running,True
1779248921,productpage,v1,Running,True
1779248921,ratings,v1,Running,True
1779248921,reviews,v1,Running,True
1779248921,reviews,v2,Running,True
1779248921,reviews,v3,Running,True
1779248922,details,v1,Running,True
1779248922,details,v1,Running,True
1779248922,productpage,v1,Running,True
1779248922,productpage,v1,Running,True
1779248922,productpage,v1,Running,True
1779248922,productpage,v1,Running,True
1779248922,productpage,v1,Running,True
1779248922,productpage,v1,Running,True
1779248922,productpage,v1,Running,True
1779248922,productpage,v1,Running,True
1779248922,productpage,v1,Running,True
1779248922,productpage,v1,Running,True
1779248922,productpage,v1,Running,True
1779248922,productpage,v1,Running,True
1779248922,productpage,v1,Running,True
1779248922,productpage,v1,Running,True
1779248922,ratings,v1,Running,True
1779248922,reviews,v1,Running,True
1779248922,reviews,v2,Running,True
1779248922,reviews,v3,Running,True
1779248923,details,v1,Running,True
1779248923,details,v1,Running,True
1779248923,productpage,v1,Running,True
1779248923,productpage,v1,Running,True
1779248923,productpage,v1,Running,True
1779248923,productpage,v1,Running,True
1779248923,productpage,v1,Running,True
1779248923,productpage,v1,Running,True
1779248923,productpage,v1,Running,True
1779248923,productpage,v1,Running,True
1779248923,productpage,v1,Running,True
1779248923,productpage,v1,Running,True
1779248923,productpage,v1,Running,True
1779248923,productpage,v1,Running,True
1779248923,productpage,v1,Running,True
1779248923,productpage,v1,Running,True
1779248923,ratings,v1,Running,True
1779248923,reviews,v1,Running,True
1779248923,reviews,v2,Running,True
1779248923,reviews,v3,Running,True
1779248924,details,v1,Running,True
1779248924,details,v1,Running,True
1779248924,productpage,v1,Running,True
1779248924,productpage,v1,Running,True
1779248924,productpage,v1,Running,True
1779248924,productpage,v1,Running,True
1779248924,productpage,v1,Running,True
1779248924,productpage,v1,Running,True
1779248924,productpage,v1,Running,True
1779248924,productpage,v1,Running,True
1779248924,productpage,v1,Running,True
1779248924,productpage,v1,Running,True
1779248924,productpage,v1,Running,True
1779248924,productpage,v1,Running,True
1779248924,productpage,v1,Running,True
1779248924,productpage,v1,Running,True
1779248924,ratings,v1,Running,True
1779248924,reviews,v1,Running,True
1779248924,reviews,v2,Running,True
1779248924,reviews,v3,Running,True
1779248925,details,v1,Running,True
1779248925,details,v1,Running,True
1779248925,productpage,v1,Running,True
1779248925,productpage,v1,Running,True
1779248925,productpage,v1,Running,True
1779248925,productpage,v1,Running,True
1779248925,productpage,v1,Running,True
1779248925,productpage,v1,Running,True
1779248925,productpage,v1,Running,True
1779248925,productpage,v1,Running,True
1779248925,productpage,v1,Running,True
1779248925,productpage,v1,Running,True
1779248925,productpage,v1,Running,True
1779248925,productpage,v1,Running,True
1779248925,productpage,v1,Running,True
1779248925,productpage,v1,Running,True
1779248925,ratings,v1,Running,True
1779248925,reviews,v1,Running,True
1779248925,reviews,v2,Running,True
1779248925,reviews,v3,Running,True
1779248926,details,v1,Running,True
1779248926,details,v1,Running,True
1779248926,productpage,v1,Running,True
1779248926,productpage,v1,Running,True
1779248926,productpage,v1,Running,True
1779248926,productpage,v1,Running,True
1779248926,productpage,v1,Running,True
1779248926,productpage,v1,Running,True
1779248926,productpage,v1,Running,True
1779248926,productpage,v1,Running,True
1779248926,productpage,v1,Running,True
1779248926,productpage,v1,Running,True
1779248926,productpage,v1,Running,True
1779248926,productpage,v1,Running,True
1779248926,productpage,v1,Running,True
1779248926,productpage,v1,Running,True
1779248926,ratings,v1,Running,True
1779248926,reviews,v1,Running,True
1779248926,reviews,v2,Running,True
1779248926,reviews,v3,Running,True
1779248927,details,v1,Running,True
1779248927,details,v1,Running,True
1779248927,productpage,v1,Running,True
1779248927,productpage,v1,Running,True
1779248927,productpage,v1,Running,True
1779248927,productpage,v1,Running,True
1779248927,productpage,v1,Running,True
1779248927,productpage,v1,Running,True
1779248927,productpage,v1,Running,True
1779248927,productpage,v1,Running,True
1779248927,productpage,v1,Running,True
1779248927,productpage,v1,Running,True
1779248927,productpage,v1,Running,True
1779248927,productpage,v1,Running,True
1779248927,productpage,v1,Running,True
1779248927,productpage,v1,Running,True
1779248927,ratings,v1,Running,True
1779248927,reviews,v1,Running,True
1779248927,reviews,v2,Running,True
1779248927,reviews,v3,Running,True
1779248928,details,v1,Running,True
1779248928,details,v1,Running,True
1779248928,productpage,v1,Running,True
1779248928,productpage,v1,Running,True
1779248928,productpage,v1,Running,True
1779248928,productpage,v1,Running,True
1779248928,productpage,v1,Running,True
1779248928,productpage,v1,Running,True
1779248928,productpage,v1,Running,True
1779248928,productpage,v1,Running,True
1779248928,productpage,v1,Running,True
1779248928,productpage,v1,Running,True
1779248928,productpage,v1,Running,True
1779248928,productpage,v1,Running,True
1779248928,productpage,v1,Running,True
1779248928,productpage,v1,Running,True
1779248928,ratings,v1,Running,True
1779248928,reviews,v1,Running,True
1779248928,reviews,v2,Running,True
1779248928,reviews,v3,Running,True
1779248929,details,v1,Running,True
1779248929,details,v1,Running,True
1779248929,productpage,v1,Running,True
1779248929,productpage,v1,Running,True
1779248929,productpage,v1,Running,True
1779248929,productpage,v1,Running,True
1779248929,productpage,v1,Running,True
1779248929,productpage,v1,Running,True
1779248929,productpage,v1,Running,True
1779248929,productpage,v1,Running,True
1779248929,productpage,v1,Running,True
1779248929,productpage,v1,Running,True
1779248929,productpage,v1,Running,True
1779248929,productpage,v1,Running,True
1779248929,productpage,v1,Running,True
1779248929,productpage,v1,Running,True
1779248929,ratings,v1,Running,True
1779248929,reviews,v1,Running,True
1779248929,reviews,v2,Running,True
1779248929,reviews,v3,Running,True
1779248930,details,v1,Running,True
1779248930,details,v1,Running,True
1779248930,productpage,v1,Running,True
1779248930,productpage,v1,Running,True
1779248930,productpage,v1,Running,True
1779248930,productpage,v1,Running,True
1779248930,productpage,v1,Running,True
1779248930,productpage,v1,Running,True
1779248930,productpage,v1,Running,True
1779248930,productpage,v1,Running,True
1779248930,productpage,v1,Running,True
1779248930,productpage,v1,Running,True
1779248930,productpage,v1,Running,True
1779248930,productpage,v1,Running,True
1779248930,productpage,v1,Running,True
1779248930,productpage,v1,Running,True
1779248930,ratings,v1,Running,True
1779248930,reviews,v1,Running,True
1779248930,reviews,v2,Running,True
1779248930,reviews,v3,Running,True
1779248931,details,v1,Running,True
1779248931,details,v1,Running,True
1779248931,productpage,v1,Running,True
1779248931,productpage,v1,Running,True
1779248931,productpage,v1,Running,True
1779248931,productpage,v1,Running,True
1779248931,productpage,v1,Running,True
1779248931,productpage,v1,Running,True
1779248931,productpage,v1,Running,True
1779248931,productpage,v1,Running,True
1779248931,productpage,v1,Running,True
1779248931,productpage,v1,Running,True
1779248931,productpage,v1,Running,True
1779248931,productpage,v1,Running,True
1779248931,productpage,v1,Running,True
1779248931,productpage,v1,Running,True
1779248931,ratings,v1,Running,True
1779248931,reviews,v1,Running,True
1779248931,reviews,v2,Running,True
1779248931,reviews,v3,Running,True
1779248932,details,v1,Running,True
1779248932,details,v1,Running,True
1779248932,productpage,v1,Running,True
1779248932,productpage,v1,Running,True
1779248932,productpage,v1,Running,True
1779248932,productpage,v1,Running,True
1779248932,productpage,v1,Running,True
1779248932,productpage,v1,Running,True
1779248932,productpage,v1,Running,True
1779248932,productpage,v1,Running,True
1779248932,productpage,v1,Running,True
1779248932,productpage,v1,Running,True
1779248932,productpage,v1,Running,True
1779248932,productpage,v1,Running,True
1779248932,productpage,v1,Running,True
1779248932,productpage,v1,Running,True
1779248932,ratings,v1,Running,True
1779248932,reviews,v1,Running,True
1779248932,reviews,v2,Running,True
1779248932,reviews,v3,Running,True
1779248933,details,v1,Running,True
1779248933,details,v1,Running,True
1779248933,productpage,v1,Running,True
1779248933,productpage,v1,Running,True
1779248933,productpage,v1,Running,True
1779248933,productpage,v1,Running,True
1779248933,productpage,v1,Running,True
1779248933,productpage,v1,Running,True
1779248933,productpage,v1,Running,True
1779248933,productpage,v1,Running,True
1779248933,productpage,v1,Running,True
1779248933,productpage,v1,Running,True
1779248933,productpage,v1,Running,True
1779248933,productpage,v1,Running,True
1779248933,productpage,v1,Running,True
1779248933,productpage,v1,Running,True
1779248933,ratings,v1,Running,True
1779248933,reviews,v1,Running,True
1779248933,reviews,v2,Running,True
1779248933,reviews,v3,Running,True
1779248934,details,v1,Running,True
1779248934,details,v1,Running,True
1779248934,productpage,v1,Running,True
1779248934,productpage,v1,Running,True
1779248934,productpage,v1,Running,True
1779248934,productpage,v1,Running,True
1779248934,productpage,v1,Running,True
1779248934,productpage,v1,Running,True
1779248934,productpage,v1,Running,True
1779248934,productpage,v1,Running,True
1779248934,productpage,v1,Running,True
1779248934,productpage,v1,Running,True
1779248934,productpage,v1,Running,True
1779248934,productpage,v1,Running,True
1779248934,productpage,v1,Running,True
1779248934,productpage,v1,Running,True
1779248934,ratings,v1,Running,True
1779248934,reviews,v1,Running,True
1779248934,reviews,v2,Running,True
1779248934,reviews,v3,Running,True
1779248935,details,v1,Running,True
1779248935,details,v1,Running,True
1779248935,productpage,v1,Running,True
1779248935,productpage,v1,Running,True
1779248935,productpage,v1,Running,True
1779248935,productpage,v1,Running,True
1779248935,productpage,v1,Running,True
1779248935,productpage,v1,Running,True
1779248935,productpage,v1,Running,True
1779248935,productpage,v1,Running,True
1779248935,productpage,v1,Running,True
1779248935,productpage,v1,Running,True
1779248935,productpage,v1,Running,True
1779248935,productpage,v1,Running,True
1779248935,productpage,v1,Running,True
1779248935,productpage,v1,Running,True
1779248935,ratings,v1,Running,True
1779248935,reviews,v1,Running,True
1779248935,reviews,v2,Running,True
1779248935,reviews,v3,Running,True
1779248936,details,v1,Running,True
1779248936,details,v1,Running,True
1779248936,productpage,v1,Running,True
1779248936,productpage,v1,Running,True
1779248936,productpage,v1,Running,True
1779248936,productpage,v1,Running,True
1779248936,productpage,v1,Running,True
1779248936,productpage,v1,Running,True
1779248936,productpage,v1,Running,True
1779248936,productpage,v1,Running,True
1779248936,productpage,v1,Running,True
1779248936,productpage,v1,Running,True
1779248936,productpage,v1,Running,True
1779248936,productpage,v1,Running,True
1779248936,productpage,v1,Running,True
1779248936,productpage,v1,Running,True
1779248936,ratings,v1,Running,True
1779248936,reviews,v1,Running,True
1779248936,reviews,v2,Running,True
1779248936,reviews,v3,Running,True
1779248937,details,v1,Running,True
1779248937,details,v1,Running,True
1779248937,productpage,v1,Running,True
1779248937,productpage,v1,Running,True
1779248937,productpage,v1,Running,True
1779248937,productpage,v1,Running,True
1779248937,productpage,v1,Running,True
1779248937,productpage,v1,Running,True
1779248937,productpage,v1,Running,True
1779248937,productpage,v1,Running,True
1779248937,productpage,v1,Running,True
1779248937,productpage,v1,Running,True
1779248937,productpage,v1,Running,True
1779248937,productpage,v1,Running,True
1779248937,productpage,v1,Running,True
1779248937,productpage,v1,Running,True
1779248937,ratings,v1,Running,True
1779248937,reviews,v1,Running,True
1779248937,reviews,v2,Running,True
1779248937,reviews,v3,Running,True
1779248938,details,v1,Running,True
1779248938,details,v1,Running,True
1779248938,productpage,v1,Running,True
1779248938,productpage,v1,Running,True
1779248938,productpage,v1,Running,True
1779248938,productpage,v1,Running,True
1779248938,productpage,v1,Running,True
1779248938,productpage,v1,Running,True
1779248938,productpage,v1,Running,True
1779248938,productpage,v1,Running,True
1779248938,productpage,v1,Running,True
1779248938,productpage,v1,Running,True
1779248938,productpage,v1,Running,True
1779248938,productpage,v1,Running,True
1779248938,productpage,v1,Running,True
1779248938,productpage,v1,Running,True
1779248938,ratings,v1,Running,True
1779248938,reviews,v1,Running,True
1779248938,reviews,v2,Running,True
1779248938,reviews,v3,Running,True
1779248939,details,v1,Running,True
1779248939,details,v1,Running,True
1779248939,productpage,v1,Running,True
1779248939,productpage,v1,Running,True
1779248939,productpage,v1,Running,True
1779248939,productpage,v1,Running,True
1779248939,productpage,v1,Running,True
1779248939,productpage,v1,Running,True
1779248939,productpage,v1,Running,True
1779248939,productpage,v1,Running,True
1779248939,productpage,v1,Running,True
1779248939,productpage,v1,Running,True
1779248939,productpage,v1,Running,True
1779248939,productpage,v1,Running,True
1779248939,productpage,v1,Running,True
1779248939,productpage,v1,Running,True
1779248939,ratings,v1,Running,True
1779248939,reviews,v1,Running,True
1779248939,reviews,v2,Running,True
1779248939,reviews,v3,Running,True
1779248940,details,v1,Running,True
1779248940,details,v1,Running,True
1779248940,productpage,v1,Running,True
1779248940,productpage,v1,Running,True
1779248940,productpage,v1,Running,True
1779248940,productpage,v1,Running,True
1779248940,productpage,v1,Running,True
1779248940,productpage,v1,Running,True
1779248940,productpage,v1,Running,True
1779248940,productpage,v1,Running,True
1779248940,productpage,v1,Running,True
1779248940,productpage,v1,Running,True
1779248940,productpage,v1,Running,True
1779248940,productpage,v1,Running,True
1779248940,productpage,v1,Running,True
1779248940,productpage,v1,Running,True
1779248940,ratings,v1,Running,True
1779248940,reviews,v1,Running,True
1779248940,reviews,v2,Running,True
1779248940,reviews,v3,Running,True
1779248941,details,v1,Running,True
1779248941,details,v1,Running,True
1779248941,productpage,v1,Running,True
1779248941,productpage,v1,Running,True
1779248941,productpage,v1,Running,True
1779248941,productpage,v1,Running,True
1779248941,productpage,v1,Running,True
1779248941,productpage,v1,Running,True
1779248941,productpage,v1,Running,True
1779248941,productpage,v1,Running,True
1779248941,productpage,v1,Running,True
1779248941,productpage,v1,Running,True
1779248941,productpage,v1,Running,True
1779248941,productpage,v1,Running,True
1779248941,productpage,v1,Running,True
1779248941,productpage,v1,Running,True
1779248941,ratings,v1,Running,True
1779248941,reviews,v1,Running,True
1779248941,reviews,v2,Running,True
1779248941,reviews,v3,Running,True
1779248942,details,v1,Running,True
1779248942,details,v1,Running,True
1779248942,productpage,v1,Running,True
1779248942,productpage,v1,Running,True
1779248942,productpage,v1,Running,True
1779248942,productpage,v1,Running,True
1779248942,productpage,v1,Running,True
1779248942,productpage,v1,Running,True
1779248942,productpage,v1,Running,True
1779248942,productpage,v1,Running,True
1779248942,productpage,v1,Running,True
1779248942,productpage,v1,Running,True
1779248942,productpage,v1,Running,True
1779248942,productpage,v1,Running,True
1779248942,productpage,v1,Running,True
1779248942,productpage,v1,Running,True
1779248942,ratings,v1,Running,True
1779248942,reviews,v1,Running,True
1779248942,reviews,v2,Running,True
1779248942,reviews,v3,Running,True
1779248943,details,v1,Running,True
1779248943,details,v1,Running,True
1779248943,productpage,v1,Running,True
1779248943,productpage,v1,Running,True
1779248943,productpage,v1,Running,True
1779248943,productpage,v1,Running,True
1779248943,productpage,v1,Running,True
1779248943,productpage,v1,Running,True
1779248943,productpage,v1,Running,True
1779248943,productpage,v1,Running,True
1779248943,productpage,v1,Running,True
1779248943,productpage,v1,Running,True
1779248943,productpage,v1,Running,True
1779248943,productpage,v1,Running,True
1779248943,productpage,v1,Running,True
1779248943,productpage,v1,Running,True
1779248943,ratings,v1,Running,True
1779248943,reviews,v1,Running,True
1779248943,reviews,v2,Running,True
1779248943,reviews,v3,Running,True
1779248944,details,v1,Running,True
1779248944,details,v1,Running,True
1779248944,productpage,v1,Running,True
1779248944,productpage,v1,Running,True
1779248944,productpage,v1,Running,True
1779248944,productpage,v1,Running,True
1779248944,productpage,v1,Running,True
1779248944,productpage,v1,Running,True
1779248944,productpage,v1,Running,True
1779248944,productpage,v1,Running,True
1779248944,productpage,v1,Running,True
1779248944,productpage,v1,Running,True
1779248944,productpage,v1,Running,True
1779248944,productpage,v1,Running,True
1779248944,productpage,v1,Running,True
1779248944,productpage,v1,Running,True
1779248944,ratings,v1,Running,True
1779248944,reviews,v1,Running,True
1779248944,reviews,v2,Running,True
1779248944,reviews,v3,Running,True
1779248945,details,v1,Running,True
1779248945,details,v1,Running,True
1779248945,productpage,v1,Running,True
1779248945,productpage,v1,Running,True
1779248945,productpage,v1,Running,True
1779248945,productpage,v1,Running,True
1779248945,productpage,v1,Running,True
1779248945,productpage,v1,Running,True
1779248945,productpage,v1,Running,True
1779248945,productpage,v1,Running,True
1779248945,productpage,v1,Running,True
1779248945,productpage,v1,Running,True
1779248945,productpage,v1,Running,True
1779248945,productpage,v1,Running,True
1779248945,productpage,v1,Running,True
1779248945,productpage,v1,Running,True
1779248945,ratings,v1,Running,True
1779248945,reviews,v1,Running,True
1779248945,reviews,v2,Running,True
1779248945,reviews,v3,Running,True
1779248946,details,v1,Running,True
1779248946,details,v1,Running,True
1779248946,productpage,v1,Running,True
1779248946,productpage,v1,Running,True
1779248946,productpage,v1,Running,True
1779248946,productpage,v1,Running,True
1779248946,productpage,v1,Running,True
1779248946,productpage,v1,Running,True
1779248946,productpage,v1,Running,True
1779248946,productpage,v1,Running,True
1779248946,productpage,v1,Running,True
1779248946,productpage,v1,Running,True
1779248946,productpage,v1,Running,True
1779248946,productpage,v1,Running,True
1779248946,productpage,v1,Running,True
1779248946,productpage,v1,Running,True
1779248946,ratings,v1,Running,True
1779248946,reviews,v1,Running,True
1779248946,reviews,v2,Running,True
1779248946,reviews,v3,Running,True
1779248947,details,v1,Running,True
1779248947,details,v1,Running,True
1779248947,productpage,v1,Running,True
1779248947,productpage,v1,Running,True
1779248947,productpage,v1,Running,True
1779248947,productpage,v1,Running,True
1779248947,productpage,v1,Running,True
1779248947,productpage,v1,Running,True
1779248947,productpage,v1,Running,True
1779248947,productpage,v1,Running,True
1779248947,productpage,v1,Running,True
1779248947,productpage,v1,Running,True
1779248947,productpage,v1,Running,True
1779248947,productpage,v1,Running,True
1779248947,productpage,v1,Running,True
1779248947,productpage,v1,Running,True
1779248947,ratings,v1,Running,True
1779248947,reviews,v1,Running,True
1779248947,reviews,v2,Running,True
1779248947,reviews,v3,Running,True
1779248948,details,v1,Running,True
1779248948,details,v1,Running,True
1779248948,productpage,v1,Running,True
1779248948,productpage,v1,Running,True
1779248948,productpage,v1,Running,True
1779248948,productpage,v1,Running,True
1779248948,productpage,v1,Running,True
1779248948,productpage,v1,Running,True
1779248948,productpage,v1,Running,True
1779248948,productpage,v1,Running,True
1779248948,productpage,v1,Running,True
1779248948,productpage,v1,Running,True
1779248948,productpage,v1,Running,True
1779248948,productpage,v1,Running,True
1779248948,productpage,v1,Running,True
1779248948,productpage,v1,Running,True
1779248948,ratings,v1,Running,True
1779248948,reviews,v1,Running,True
1779248948,reviews,v2,Running,True
1779248948,reviews,v3,Running,True
1779248949,details,v1,Running,True
1779248949,details,v1,Running,True
1779248949,productpage,v1,Running,True
1779248949,productpage,v1,Running,True
1779248949,productpage,v1,Running,True
1779248949,productpage,v1,Running,True
1779248949,productpage,v1,Running,True
1779248949,productpage,v1,Running,True
1779248949,productpage,v1,Running,True
1779248949,productpage,v1,Running,True
1779248949,productpage,v1,Running,True
1779248949,productpage,v1,Running,True
1779248949,productpage,v1,Running,True
1779248949,productpage,v1,Running,True
1779248949,productpage,v1,Running,True
1779248949,productpage,v1,Running,True
1779248949,ratings,v1,Running,True
1779248949,reviews,v1,Running,True
1779248949,reviews,v2,Running,True
1779248949,reviews,v3,Running,True
1779248950,details,v1,Running,True
1779248950,details,v1,Running,True
1779248950,productpage,v1,Running,True
1779248950,productpage,v1,Running,True
1779248950,productpage,v1,Running,True
1779248950,productpage,v1,Running,True
1779248950,productpage,v1,Running,True
1779248950,productpage,v1,Running,True
1779248950,productpage,v1,Running,True
1779248950,productpage,v1,Running,True
1779248950,productpage,v1,Running,True
1779248950,productpage,v1,Running,True
1779248950,productpage,v1,Running,True
1779248950,productpage,v1,Running,True
1779248950,productpage,v1,Running,True
1779248950,productpage,v1,Running,True
1779248950,ratings,v1,Running,True
1779248950,reviews,v1,Running,True
1779248950,reviews,v2,Running,True
1779248950,reviews,v3,Running,True
1779248951,details,v1,Running,True
1779248951,details,v1,Running,True
1779248951,productpage,v1,Running,True
1779248951,productpage,v1,Running,True
1779248951,productpage,v1,Running,True
1779248951,productpage,v1,Running,True
1779248951,productpage,v1,Running,True
1779248951,productpage,v1,Running,True
1779248951,productpage,v1,Running,True
1779248951,productpage,v1,Running,True
1779248951,productpage,v1,Running,True
1779248951,productpage,v1,Running,True
1779248951,productpage,v1,Running,True
1779248951,productpage,v1,Running,True
1779248951,productpage,v1,Running,True
1779248951,productpage,v1,Running,True
1779248951,ratings,v1,Running,True
1779248951,reviews,v1,Running,True
1779248951,reviews,v2,Running,True
1779248951,reviews,v3,Running,True
1779248952,details,v1,Running,True
1779248952,details,v1,Running,True
1779248952,productpage,v1,Running,True
1779248952,productpage,v1,Running,True
1779248952,productpage,v1,Running,True
1779248952,productpage,v1,Running,True
1779248952,productpage,v1,Running,True
1779248952,productpage,v1,Running,True
1779248952,productpage,v1,Running,True
1779248952,productpage,v1,Running,True
1779248952,productpage,v1,Running,True
1779248952,productpage,v1,Running,True
1779248952,productpage,v1,Running,True
1779248952,productpage,v1,Running,True
1779248952,productpage,v1,Running,True
1779248952,productpage,v1,Running,True
1779248952,ratings,v1,Running,True
1779248952,reviews,v1,Running,True
1779248952,reviews,v2,Running,True
1779248952,reviews,v3,Running,True
1779248953,details,v1,Running,True
1779248953,details,v1,Running,True
1779248953,productpage,v1,Running,True
1779248953,productpage,v1,Running,True
1779248953,productpage,v1,Running,True
1779248953,productpage,v1,Running,True
1779248953,productpage,v1,Running,True
1779248953,productpage,v1,Running,True
1779248953,productpage,v1,Running,True
1779248953,productpage,v1,Running,True
1779248953,productpage,v1,Running,True
1779248953,productpage,v1,Running,True
1779248953,productpage,v1,Running,True
1779248953,productpage,v1,Running,True
1779248953,productpage,v1,Running,True
1779248953,productpage,v1,Running,True
1779248953,ratings,v1,Running,True
1779248953,reviews,v1,Running,True
1779248953,reviews,v2,Running,True
1779248953,reviews,v3,Running,True
1779248954,details,v1,Running,True
1779248954,details,v1,Running,True
1779248954,productpage,v1,Running,True
1779248954,productpage,v1,Running,True
1779248954,productpage,v1,Running,True
1779248954,productpage,v1,Running,True
1779248954,productpage,v1,Running,True
1779248954,productpage,v1,Running,True
1779248954,productpage,v1,Running,True
1779248954,productpage,v1,Running,True
1779248954,productpage,v1,Running,True
1779248954,productpage,v1,Running,True
1779248954,productpage,v1,Running,True
1779248954,productpage,v1,Running,True
1779248954,productpage,v1,Running,True
1779248954,productpage,v1,Running,True
1779248954,ratings,v1,Running,True
1779248954,reviews,v1,Running,True
1779248954,reviews,v2,Running,True
1779248954,reviews,v3,Running,True
1779248955,details,v1,Running,True
1779248955,details,v1,Running,True
1779248955,productpage,v1,Running,True
1779248955,productpage,v1,Running,True
1779248955,productpage,v1,Running,True
1779248955,productpage,v1,Running,True
1779248955,productpage,v1,Running,True
1779248955,productpage,v1,Running,True
1779248955,productpage,v1,Running,True
1779248955,productpage,v1,Running,True
1779248955,productpage,v1,Running,True
1779248955,productpage,v1,Running,True
1779248955,productpage,v1,Running,True
1779248955,productpage,v1,Running,True
1779248955,productpage,v1,Running,True
1779248955,productpage,v1,Running,True
1779248955,ratings,v1,Running,True
1779248955,reviews,v1,Running,True
1779248955,reviews,v2,Running,True
1779248955,reviews,v3,Running,True
1779248956,details,v1,Running,True
1779248956,details,v1,Running,True
1779248956,productpage,v1,Running,True
1779248956,productpage,v1,Running,True
1779248956,productpage,v1,Running,True
1779248956,productpage,v1,Running,True
1779248956,productpage,v1,Running,True
1779248956,productpage,v1,Running,True
1779248956,productpage,v1,Running,True
1779248956,productpage,v1,Running,True
1779248956,productpage,v1,Running,True
1779248956,productpage,v1,Running,True
1779248956,productpage,v1,Running,True
1779248956,productpage,v1,Running,True
1779248956,productpage,v1,Running,True
1779248956,productpage,v1,Running,True
1779248956,ratings,v1,Running,True
1779248956,reviews,v1,Running,True
1779248956,reviews,v2,Running,True
1779248956,reviews,v3,Running,True
1779248957,details,v1,Running,True
1779248957,details,v1,Running,True
1779248957,productpage,v1,Running,True
1779248957,productpage,v1,Running,True
1779248957,productpage,v1,Running,True
1779248957,productpage,v1,Running,True
1779248957,productpage,v1,Running,True
1779248957,productpage,v1,Running,True
1779248957,productpage,v1,Running,True
1779248957,productpage,v1,Running,True
1779248957,productpage,v1,Running,True
1779248957,productpage,v1,Running,True
1779248957,productpage,v1,Running,True
1779248957,productpage,v1,Running,True
1779248957,productpage,v1,Running,True
1779248957,productpage,v1,Running,True
1779248957,ratings,v1,Running,True
1779248957,reviews,v1,Running,True
1779248957,reviews,v2,Running,True
1779248957,reviews,v3,Running,True
1779248958,details,v1,Running,True
1779248958,details,v1,Running,True
1779248958,productpage,v1,Running,True
1779248958,productpage,v1,Running,True
1779248958,productpage,v1,Running,True
1779248958,productpage,v1,Running,True
1779248958,productpage,v1,Running,True
1779248958,productpage,v1,Running,True
1779248958,productpage,v1,Running,True
1779248958,productpage,v1,Running,True
1779248958,productpage,v1,Running,True
1779248958,productpage,v1,Running,True
1779248958,productpage,v1,Running,True
1779248958,productpage,v1,Running,True
1779248958,productpage,v1,Running,True
1779248958,productpage,v1,Running,True
1779248958,ratings,v1,Running,True
1779248958,reviews,v1,Running,True
1779248958,reviews,v2,Running,True
1779248958,reviews,v3,Running,True
1779248959,details,v1,Running,True
1779248959,details,v1,Running,True
1779248959,productpage,v1,Running,True
1779248959,productpage,v1,Running,True
1779248959,productpage,v1,Running,True
1779248959,productpage,v1,Running,True
1779248959,productpage,v1,Running,True
1779248959,productpage,v1,Running,True
1779248959,productpage,v1,Running,True
1779248959,productpage,v1,Running,True
1779248959,productpage,v1,Running,True
1779248959,productpage,v1,Running,True
1779248959,productpage,v1,Running,True
1779248959,productpage,v1,Running,True
1779248959,productpage,v1,Running,True
1779248959,productpage,v1,Running,True
1779248959,ratings,v1,Running,True
1779248959,reviews,v1,Running,True
1779248959,reviews,v2,Running,True
1779248959,reviews,v3,Running,True
1779248960,details,v1,Running,True
1779248960,details,v1,Running,True
1779248960,productpage,v1,Running,True
1779248960,productpage,v1,Running,True
1779248960,productpage,v1,Running,True
1779248960,productpage,v1,Running,True
1779248960,productpage,v1,Running,True
1779248960,productpage,v1,Running,True
1779248960,productpage,v1,Running,True
1779248960,productpage,v1,Running,True
1779248960,productpage,v1,Running,True
1779248960,productpage,v1,Running,True
1779248960,productpage,v1,Running,True
1779248960,productpage,v1,Running,True
1779248960,productpage,v1,Running,True
1779248960,productpage,v1,Running,True
1779248960,ratings,v1,Running,True
1779248960,reviews,v1,Running,True
1779248960,reviews,v2,Running,True
1779248960,reviews,v3,Running,True
1779248961,details,v1,Running,True
1779248961,details,v1,Running,True
1779248961,productpage,v1,Running,True
1779248961,productpage,v1,Running,True
1779248961,productpage,v1,Running,True
1779248961,productpage,v1,Running,True
1779248961,productpage,v1,Running,True
1779248961,productpage,v1,Running,True
1779248961,productpage,v1,Running,True
1779248961,productpage,v1,Running,True
1779248961,productpage,v1,Running,True
1779248961,productpage,v1,Running,True
1779248961,productpage,v1,Running,True
1779248961,productpage,v1,Running,True
1779248961,productpage,v1,Running,True
1779248961,productpage,v1,Running,True
1779248961,ratings,v1,Running,True
1779248961,reviews,v1,Running,True
1779248961,reviews,v2,Running,True
1779248961,reviews,v3,Running,True
1779248962,details,v1,Running,True
1779248962,details,v1,Running,True
1779248962,productpage,v1,Running,True
1779248962,productpage,v1,Running,True
1779248962,productpage,v1,Running,True
1779248962,productpage,v1,Running,True
1779248962,productpage,v1,Running,True
1779248962,productpage,v1,Running,True
1779248962,productpage,v1,Running,True
1779248962,productpage,v1,Running,True
1779248962,productpage,v1,Running,True
1779248962,productpage,v1,Running,True
1779248962,productpage,v1,Running,True
1779248962,productpage,v1,Running,True
1779248962,productpage,v1,Running,True
1779248962,productpage,v1,Running,True
1779248962,ratings,v1,Running,True
1779248962,reviews,v1,Running,True
1779248962,reviews,v2,Running,True
1779248962,reviews,v3,Running,True
1779248963,details,v1,Running,True
1779248963,details,v1,Running,True
1779248963,productpage,v1,Running,True
1779248963,productpage,v1,Running,True
1779248963,productpage,v1,Running,True
1779248963,productpage,v1,Running,True
1779248963,productpage,v1,Running,True
1779248963,productpage,v1,Running,True
1779248963,productpage,v1,Running,True
1779248963,productpage,v1,Running,True
1779248963,productpage,v1,Running,True
1779248963,productpage,v1,Running,True
1779248963,productpage,v1,Running,True
1779248963,productpage,v1,Running,True
1779248963,productpage,v1,Running,True
1779248963,productpage,v1,Running,True
1779248963,ratings,v1,Running,True
1779248963,reviews,v1,Running,True
1779248963,reviews,v2,Running,True
1779248963,reviews,v3,Running,True
1779248964,details,v1,Running,True
1779248964,details,v1,Running,True
1779248964,productpage,v1,Running,True
1779248964,productpage,v1,Running,True
1779248964,productpage,v1,Running,True
1779248964,productpage,v1,Running,True
1779248964,productpage,v1,Running,True
1779248964,productpage,v1,Running,True
1779248964,productpage,v1,Running,True
1779248964,productpage,v1,Running,True
1779248964,productpage,v1,Running,True
1779248964,productpage,v1,Running,True
1779248964,productpage,v1,Running,True
1779248964,productpage,v1,Running,True
1779248964,productpage,v1,Running,True
1779248964,productpage,v1,Running,True
1779248964,ratings,v1,Running,True
1779248964,reviews,v1,Running,True
1779248964,reviews,v2,Running,True
1779248964,reviews,v3,Running,True
1779248965,details,v1,Running,True
1779248965,details,v1,Running,True
1779248965,productpage,v1,Running,True
1779248965,productpage,v1,Running,True
1779248965,productpage,v1,Running,True
1779248965,productpage,v1,Running,True
1779248965,productpage,v1,Running,True
1779248965,productpage,v1,Running,True
1779248965,productpage,v1,Running,True
1779248965,productpage,v1,Running,True
1779248965,productpage,v1,Running,True
1779248965,productpage,v1,Running,True
1779248965,productpage,v1,Running,True
1779248965,productpage,v1,Running,True
1779248965,productpage,v1,Running,True
1779248965,productpage,v1,Running,True
1779248965,ratings,v1,Running,True
1779248965,reviews,v1,Running,True
1779248965,reviews,v2,Running,True
1779248965,reviews,v3,Running,True
1779248966,details,v1,Running,True
1779248966,details,v1,Running,True
1779248966,productpage,v1,Running,True
1779248966,productpage,v1,Running,True
1779248966,productpage,v1,Running,True
1779248966,productpage,v1,Running,True
1779248966,productpage,v1,Running,True
1779248966,productpage,v1,Running,True
1779248966,productpage,v1,Running,True
1779248966,productpage,v1,Running,True
1779248966,productpage,v1,Running,True
1779248966,productpage,v1,Running,True
1779248966,productpage,v1,Running,True
1779248966,productpage,v1,Running,True
1779248966,productpage,v1,Running,True
1779248966,productpage,v1,Running,True
1779248966,ratings,v1,Running,True
1779248966,reviews,v1,Running,True
1779248966,reviews,v2,Running,True
1779248966,reviews,v3,Running,True
1779248967,details,v1,Running,True
1779248967,details,v1,Running,True
1779248967,productpage,v1,Running,True
1779248967,productpage,v1,Running,True
1779248967,productpage,v1,Running,True
1779248967,productpage,v1,Running,True
1779248967,productpage,v1,Running,True
1779248967,productpage,v1,Running,True
1779248967,productpage,v1,Running,True
1779248967,productpage,v1,Running,True
1779248967,productpage,v1,Running,True
1779248967,productpage,v1,Running,True
1779248967,productpage,v1,Running,True
1779248967,productpage,v1,Running,True
1779248967,productpage,v1,Running,True
1779248967,productpage,v1,Running,True
1779248967,ratings,v1,Running,True
1779248967,reviews,v1,Running,True
1779248967,reviews,v2,Running,True
1779248967,reviews,v3,Running,True
1779248968,details,v1,Running,True
1779248968,details,v1,Running,True
1779248968,productpage,v1,Running,True
1779248968,productpage,v1,Running,True
1779248968,productpage,v1,Running,True
1779248968,productpage,v1,Running,True
1779248968,productpage,v1,Running,True
1779248968,productpage,v1,Running,True
1779248968,productpage,v1,Running,True
1779248968,productpage,v1,Running,True
1779248968,productpage,v1,Running,True
1779248968,productpage,v1,Running,True
1779248968,productpage,v1,Running,True
1779248968,productpage,v1,Running,True
1779248968,productpage,v1,Running,True
1779248968,productpage,v1,Running,True
1779248968,ratings,v1,Running,True
1779248968,reviews,v1,Running,True
1779248968,reviews,v2,Running,True
1779248968,reviews,v3,Running,True
1779248969,details,v1,Running,True
1779248969,details,v1,Running,True
1779248969,productpage,v1,Running,True
1779248969,productpage,v1,Running,True
1779248969,productpage,v1,Running,True
1779248969,productpage,v1,Running,True
1779248969,productpage,v1,Running,True
1779248969,productpage,v1,Running,True
1779248969,productpage,v1,Running,True
1779248969,productpage,v1,Running,True
1779248969,productpage,v1,Running,True
1779248969,productpage,v1,Running,True
1779248969,productpage,v1,Running,True
1779248969,productpage,v1,Running,True
1779248969,productpage,v1,Running,True
1779248969,productpage,v1,Running,True
1779248969,ratings,v1,Running,True
1779248969,reviews,v1,Running,True
1779248969,reviews,v2,Running,True
1779248969,reviews,v3,Running,True
1779248970,details,v1,Running,True
1779248970,details,v1,Running,True
1779248970,productpage,v1,Running,True
1779248970,productpage,v1,Running,True
1779248970,productpage,v1,Running,True
1779248970,productpage,v1,Running,True
1779248970,productpage,v1,Running,True
1779248970,productpage,v1,Running,True
1779248970,productpage,v1,Running,True
1779248970,productpage,v1,Running,True
1779248970,productpage,v1,Running,True
1779248970,productpage,v1,Running,True
1779248970,productpage,v1,Running,True
1779248970,productpage,v1,Running,True
1779248970,productpage,v1,Running,True
1779248970,productpage,v1,Running,True
1779248970,ratings,v1,Running,True
1779248970,reviews,v1,Running,True
1779248970,reviews,v2,Running,True
1779248970,reviews,v3,Running,True
1779248971,details,v1,Running,True
1779248971,details,v1,Running,True
1779248971,productpage,v1,Running,True
1779248971,productpage,v1,Running,True
1779248971,productpage,v1,Running,True
1779248971,productpage,v1,Running,True
1779248971,productpage,v1,Running,True
1779248971,productpage,v1,Running,True
1779248971,productpage,v1,Running,True
1779248971,productpage,v1,Running,True
1779248971,productpage,v1,Running,True
1779248971,productpage,v1,Running,True
1779248971,productpage,v1,Running,True
1779248971,productpage,v1,Running,True
1779248971,productpage,v1,Running,True
1779248971,productpage,v1,Running,True
1779248971,ratings,v1,Running,True
1779248971,reviews,v1,Running,True
1779248971,reviews,v2,Running,True
1779248971,reviews,v3,Running,True
1779248972,details,v1,Running,True
1779248972,details,v1,Running,True
1779248972,productpage,v1,Running,True
1779248972,productpage,v1,Running,True
1779248972,productpage,v1,Running,True
1779248972,productpage,v1,Running,True
1779248972,productpage,v1,Running,True
1779248972,productpage,v1,Running,True
1779248972,productpage,v1,Running,True
1779248972,productpage,v1,Running,True
1779248972,productpage,v1,Running,True
1779248972,productpage,v1,Running,True
1779248972,productpage,v1,Running,True
1779248972,productpage,v1,Running,True
1779248972,productpage,v1,Running,True
1779248972,productpage,v1,Running,True
1779248972,ratings,v1,Running,True
1779248972,reviews,v1,Running,True
1779248972,reviews,v2,Running,True
1779248972,reviews,v3,Running,True
1779248973,details,v1,Running,True
1779248973,details,v1,Running,True
1779248973,productpage,v1,Running,True
1779248973,productpage,v1,Running,True
1779248973,productpage,v1,Running,True
1779248973,productpage,v1,Running,True
1779248973,productpage,v1,Running,True
1779248973,productpage,v1,Running,True
1779248973,productpage,v1,Running,True
1779248973,productpage,v1,Running,True
1779248973,productpage,v1,Running,True
1779248973,productpage,v1,Running,True
1779248973,productpage,v1,Running,True
1779248973,productpage,v1,Running,True
1779248973,productpage,v1,Running,True
1779248973,productpage,v1,Running,True
1779248973,ratings,v1,Running,True
1779248973,reviews,v1,Running,True
1779248973,reviews,v2,Running,True
1779248973,reviews,v3,Running,True
1779248974,details,v1,Running,True
1779248974,details,v1,Running,True
1779248974,productpage,v1,Running,True
1779248974,productpage,v1,Running,True
1779248974,productpage,v1,Running,True
1779248974,productpage,v1,Running,True
1779248974,productpage,v1,Running,True
1779248974,productpage,v1,Running,True
1779248974,productpage,v1,Running,True
1779248974,productpage,v1,Running,True
1779248974,productpage,v1,Running,True
1779248974,productpage,v1,Running,True
1779248974,productpage,v1,Running,True
1779248974,productpage,v1,Running,True
1779248974,productpage,v1,Running,True
1779248974,productpage,v1,Running,True
1779248974,ratings,v1,Running,True
1779248974,reviews,v1,Running,True
1779248974,reviews,v2,Running,True
1779248974,reviews,v3,Running,True
1779248975,details,v1,Running,True
1779248975,details,v1,Running,True
1779248975,productpage,v1,Running,True
1779248975,productpage,v1,Running,True
1779248975,productpage,v1,Running,True
1779248975,productpage,v1,Running,True
1779248975,productpage,v1,Running,True
1779248975,productpage,v1,Running,True
1779248975,productpage,v1,Running,True
1779248975,productpage,v1,Running,True
1779248975,productpage,v1,Running,True
1779248975,productpage,v1,Running,True
1779248975,productpage,v1,Running,True
1779248975,productpage,v1,Running,True
1779248975,productpage,v1,Running,True
1779248975,productpage,v1,Running,True
1779248975,ratings,v1,Running,True
1779248975,reviews,v1,Running,True
1779248975,reviews,v2,Running,True
1779248975,reviews,v3,Running,True
1779248976,details,v1,Running,True
1779248976,details,v1,Running,True
1779248976,productpage,v1,Running,True
1779248976,productpage,v1,Running,True
1779248976,productpage,v1,Running,True
1779248976,productpage,v1,Running,True
1779248976,productpage,v1,Running,True
1779248976,productpage,v1,Running,True
1779248976,productpage,v1,Running,True
1779248976,productpage,v1,Running,True
1779248976,productpage,v1,Running,True
1779248976,productpage,v1,Running,True
1779248976,productpage,v1,Running,True
1779248976,productpage,v1,Running,True
1779248976,productpage,v1,Running,True
1779248976,productpage,v1,Running,True
1779248976,ratings,v1,Running,True
1779248976,reviews,v1,Running,True
1779248976,reviews,v2,Running,True
1779248976,reviews,v3,Running,True
1779248977,details,v1,Running,True
1779248977,details,v1,Running,True
1779248977,productpage,v1,Running,True
1779248977,productpage,v1,Running,True
1779248977,productpage,v1,Running,True
1779248977,productpage,v1,Running,True
1779248977,productpage,v1,Running,True
1779248977,productpage,v1,Running,True
1779248977,productpage,v1,Running,True
1779248977,productpage,v1,Running,True
1779248977,productpage,v1,Running,True
1779248977,productpage,v1,Running,True
1779248977,productpage,v1,Running,True
1779248977,productpage,v1,Running,True
1779248977,productpage,v1,Running,True
1779248977,productpage,v1,Running,True
1779248977,ratings,v1,Running,True
1779248977,reviews,v1,Running,True
1779248977,reviews,v2,Running,True
1779248977,reviews,v3,Running,True
1779248978,details,v1,Running,True
1779248978,details,v1,Running,True
1779248978,productpage,v1,Running,True
1779248978,productpage,v1,Running,True
1779248978,productpage,v1,Running,True
1779248978,productpage,v1,Running,True
1779248978,productpage,v1,Running,True
1779248978,productpage,v1,Running,True
1779248978,productpage,v1,Running,True
1779248978,productpage,v1,Running,True
1779248978,productpage,v1,Running,True
1779248978,productpage,v1,Running,True
1779248978,productpage,v1,Running,True
1779248978,productpage,v1,Running,True
1779248978,productpage,v1,Running,True
1779248978,productpage,v1,Running,True
1779248978,ratings,v1,Running,True
1779248978,reviews,v1,Running,True
1779248978,reviews,v2,Running,True
1779248978,reviews,v3,Running,True
1779248979,details,v1,Running,True
1779248979,details,v1,Running,True
1779248979,productpage,v1,Running,True
1779248979,productpage,v1,Running,True
1779248979,productpage,v1,Running,True
1779248979,productpage,v1,Running,True
1779248979,productpage,v1,Running,True
1779248979,productpage,v1,Running,True
1779248979,productpage,v1,Running,True
1779248979,productpage,v1,Running,True
1779248979,productpage,v1,Running,True
1779248979,productpage,v1,Running,True
1779248979,productpage,v1,Running,True
1779248979,productpage,v1,Running,True
1779248979,productpage,v1,Running,True
1779248979,productpage,v1,Running,True
1779248979,ratings,v1,Running,True
1779248979,reviews,v1,Running,True
1779248979,reviews,v2,Running,True
1779248979,reviews,v3,Running,True
1779248980,details,v1,Running,True
1779248980,details,v1,Running,True
1779248980,productpage,v1,Running,True
1779248980,productpage,v1,Running,True
1779248980,productpage,v1,Running,True
1779248980,productpage,v1,Running,True
1779248980,productpage,v1,Running,True
1779248980,productpage,v1,Running,True
1779248980,productpage,v1,Running,True
1779248980,productpage,v1,Running,True
1779248980,productpage,v1,Running,True
1779248980,productpage,v1,Running,True
1779248980,productpage,v1,Running,True
1779248980,productpage,v1,Running,True
1779248980,productpage,v1,Running,True
1779248980,productpage,v1,Running,True
1779248980,ratings,v1,Running,True
1779248980,reviews,v1,Running,True
1779248980,reviews,v2,Running,True
1779248980,reviews,v3,Running,True
1779248981,details,v1,Running,True
1779248981,details,v1,Running,True
1779248981,productpage,v1,Running,True
1779248981,productpage,v1,Running,True
1779248981,productpage,v1,Running,True
1779248981,productpage,v1,Running,True
1779248981,productpage,v1,Running,True
1779248981,productpage,v1,Running,True
1779248981,productpage,v1,Running,True
1779248981,productpage,v1,Running,True
1779248981,productpage,v1,Running,True
1779248981,productpage,v1,Running,True
1779248981,productpage,v1,Running,True
1779248981,productpage,v1,Running,True
1779248981,productpage,v1,Running,True
1779248981,productpage,v1,Running,True
1779248981,ratings,v1,Running,True
1779248981,reviews,v1,Running,True
1779248981,reviews,v2,Running,True
1779248981,reviews,v3,Running,True
1779248982,details,v1,Running,True
1779248982,details,v1,Running,True
1779248982,productpage,v1,Running,True
1779248982,productpage,v1,Running,True
1779248982,productpage,v1,Running,True
1779248982,productpage,v1,Running,True
1779248982,productpage,v1,Running,True
1779248982,productpage,v1,Running,True
1779248982,productpage,v1,Running,True
1779248982,productpage,v1,Running,True
1779248982,productpage,v1,Running,True
1779248982,productpage,v1,Running,True
1779248982,productpage,v1,Running,True
1779248982,productpage,v1,Running,True
1779248982,productpage,v1,Running,True
1779248982,productpage,v1,Running,True
1779248982,ratings,v1,Running,True
1779248982,reviews,v1,Running,True
1779248982,reviews,v2,Running,True
1779248982,reviews,v3,Running,True
1779248983,details,v1,Running,True
1779248983,details,v1,Running,True
1779248983,productpage,v1,Running,True
1779248983,productpage,v1,Running,True
1779248983,productpage,v1,Running,True
1779248983,productpage,v1,Running,True
1779248983,productpage,v1,Running,True
1779248983,productpage,v1,Running,True
1779248983,productpage,v1,Running,True
1779248983,productpage,v1,Running,True
1779248983,productpage,v1,Running,True
1779248983,productpage,v1,Running,True
1779248983,productpage,v1,Running,True
1779248983,productpage,v1,Running,True
1779248983,productpage,v1,Running,True
1779248983,productpage,v1,Running,True
1779248983,ratings,v1,Running,True
1779248983,reviews,v1,Running,True
1779248983,reviews,v2,Running,True
1779248983,reviews,v3,Running,True
1779248984,details,v1,Running,True
1779248984,details,v1,Running,True
1779248984,productpage,v1,Running,True
1779248984,productpage,v1,Running,True
1779248984,productpage,v1,Running,True
1779248984,productpage,v1,Running,True
1779248984,productpage,v1,Running,True
1779248984,productpage,v1,Running,True
1779248984,productpage,v1,Running,True
1779248984,productpage,v1,Running,True
1779248984,productpage,v1,Running,True
1779248984,productpage,v1,Running,True
1779248984,productpage,v1,Running,True
1779248984,productpage,v1,Running,True
1779248984,productpage,v1,Running,True
1779248984,productpage,v1,Running,True
1779248984,ratings,v1,Running,True
1779248984,reviews,v1,Running,True
1779248984,reviews,v2,Running,True
1779248984,reviews,v3,Running,True
1779248985,details,v1,Running,True
1779248985,details,v1,Running,True
1779248985,productpage,v1,Running,True
1779248985,productpage,v1,Running,True
1779248985,productpage,v1,Running,True
1779248985,productpage,v1,Running,True
1779248985,productpage,v1,Running,True
1779248985,productpage,v1,Running,True
1779248985,productpage,v1,Running,True
1779248985,productpage,v1,Running,True
1779248985,productpage,v1,Running,True
1779248985,productpage,v1,Running,True
1779248985,productpage,v1,Running,True
1779248985,productpage,v1,Running,True
1779248985,productpage,v1,Running,True
1779248985,productpage,v1,Running,True
1779248985,ratings,v1,Running,True
1779248985,reviews,v1,Running,True
1779248985,reviews,v2,Running,True
1779248985,reviews,v3,Running,True
1779248986,details,v1,Running,True
1779248986,details,v1,Running,True
1779248986,productpage,v1,Running,True
1779248986,productpage,v1,Running,True
1779248986,productpage,v1,Running,True
1779248986,productpage,v1,Running,True
1779248986,productpage,v1,Running,True
1779248986,productpage,v1,Running,True
1779248986,productpage,v1,Running,True
1779248986,productpage,v1,Running,True
1779248986,productpage,v1,Running,True
1779248986,productpage,v1,Running,True
1779248986,productpage,v1,Running,True
1779248986,productpage,v1,Running,True
1779248986,productpage,v1,Running,True
1779248986,productpage,v1,Running,True
1779248986,ratings,v1,Running,True
1779248986,reviews,v1,Running,True
1779248986,reviews,v2,Running,True
1779248986,reviews,v3,Running,True
1779248987,details,v1,Running,True
1779248987,details,v1,Running,True
1779248987,productpage,v1,Running,True
1779248987,productpage,v1,Running,True
1779248987,productpage,v1,Running,True
1779248987,productpage,v1,Running,True
1779248987,productpage,v1,Running,True
1779248987,productpage,v1,Running,True
1779248987,productpage,v1,Running,True
1779248987,productpage,v1,Running,True
1779248987,productpage,v1,Running,True
1779248987,productpage,v1,Running,True
1779248987,productpage,v1,Running,True
1779248987,productpage,v1,Running,True
1779248987,productpage,v1,Running,True
1779248987,productpage,v1,Running,True
1779248987,ratings,v1,Running,True
1779248987,reviews,v1,Running,True
1779248987,reviews,v2,Running,True
1779248987,reviews,v3,Running,True
1779248988,details,v1,Running,True
1779248988,details,v1,Running,True
1779248988,productpage,v1,Running,True
1779248988,productpage,v1,Running,True
1779248988,productpage,v1,Running,True
1779248988,productpage,v1,Running,True
1779248988,productpage,v1,Running,True
1779248988,productpage,v1,Running,True
1779248988,productpage,v1,Running,True
1779248988,productpage,v1,Running,True
1779248988,productpage,v1,Running,True
1779248988,productpage,v1,Running,True
1779248988,productpage,v1,Running,True
1779248988,productpage,v1,Running,True
1779248988,productpage,v1,Running,True
1779248988,productpage,v1,Running,True
1779248988,ratings,v1,Running,True
1779248988,reviews,v1,Running,True
1779248988,reviews,v2,Running,True
1779248988,reviews,v3,Running,True
