# End-to-end latency: Istio vs Mazu
# QPS    Istio_p50(ms)   Istio_p90(ms)   Istio_p99(ms)   Mazu_p50(ms)    Mazu_p90(ms)    Mazu_p99(ms)  
  100    39.33           49.76           71.36           33.34           42.85           57.02         
  200    36.64           49.73           73.09           27.53           36.06           50.88         
  300    34.40           53.66           84.16           29.52           50.53           133.63        
  400    42.59           77.89           1020.00         37.76           74.30           1040.00       
  500    67.71           1120.00         3800.00         139.01          2020.00         5280.00       
  600    524.80          7010.00         30380.00        2840.00         9630.00         14660.00      
  700    8440.00         14910.00        22120.00        52800.00        69000.00        76800.00      
  800    15430.00        23090.00        33260.00        17560.00        26820.00        36340.00      
