# Pooled-histogram latency for st5-AttUpd
# QPS        p50(ms)      p90(ms)      p99(ms)
  100        25.95        31.56        54.72       
  200        22.84        27.98        43.01       
  400        22.97        30.14        55.50       
  600        24.17        41.76        2706.67     
  800        25.90        38.61        67.71       
  1000       29.43        64.71        3852.32     
  1200       34.83        1192.24      5386.33     
  1400       32.70        68.95        3026.56     
  1600       29.91        59.96        2737.25     
  1800       27.93        54.33        1479.72     
  2000       27.68        70.87        4220.71     
  2200       26.41        57.30        2815.39     
  2400       27.30        62.83        2658.95     
  2600       30.36        75.17        3245.19     
  2800       53.45        2612.49      6472.00     
  3000       77.24        3250.61      11844.22    
  3200       256.80       2624.98      7370.44     
