# End-to-end latency: Istio vs Mazu
# QPS    Istio_p50(ms)   Istio_p90(ms)   Istio_p99(ms)   Mazu_p50(ms)    Mazu_p90(ms)    Mazu_p99(ms)  
  100    39.23           49.66           69.89           33.38           44.00           82.75         
  200    37.12           50.01           73.15           28.03           37.06           59.39         
  300    33.89           52.26           81.21           29.92           46.88           84.99         
  400    41.18           80.00           1040.00         38.11           78.65           1010.00       
  500    65.98           1100.00         3960.00         121.54          3150.00         22860.00      
  600    2450.00         8160.00         11900.00        2370.00         10220.00        15400.00      
  700    5640.00         13840.00        41980.00        47420.00        57600.00        65400.00      
  800    13520.00        21760.00        53400.00        25720.00        36040.00        44110.00      
