# End-to-end latency: Istio vs Mazu
# QPS    Istio_p50(ms)   Istio_p90(ms)   Istio_p99(ms)   Mazu_p50(ms)    Mazu_p90(ms)    Mazu_p99(ms)  
  100    32.86           42.43           57.12           34.14           43.97           59.04         
  200    41.22           60.93           92.99           53.50           76.35           117.25        
  300    60.48           150.01          347.14          68.61           202.24          463.61        
  400    3440.00         9250.00         14430.00        7510.00         16420.00        22130.00      
  500    15530.00        26760.00        34800.00        18100.00        32520.00        41120.00      
  600    23300.00        39750.00        47910.00        27300.00        44730.00        52800.00      
  700    29340.00        49050.00        56400.00        32640.00        54000.00        62400.00      
  800    35130.00        58800.00        66600.00        37160.00        61200.00        69000.00      
