# End-to-end latency: Istio vs Mazu
# QPS    Istio_p50(ms)   Istio_p90(ms)   Istio_p99(ms)   Mazu_p50(ms)    Mazu_p90(ms)    Mazu_p99(ms)  
  100    40.16           50.65           70.27           35.71           47.52           65.73         
  200    42.53           59.10           86.85           46.05           66.56           101.76        
  300    66.82           150.40          325.89          70.53           187.52          407.04        
  400    116.74          335.36          1130.00         504.06          1960.00         3740.00       
  500    3920.00         10590.00        16430.00        9940.00         19550.00        26920.00      
  600    14600.00        26130.00        32980.00        19710.00        35550.00        43020.00      
  700    22710.00        41160.00        48200.00        26820.00        43750.00        51600.00      
  800    27660.00        46330.00        53400.00        31420.00        52200.00        59400.00      
