# End-to-end latency: Istio vs Mazu
# QPS    Istio_p50(ms)   Istio_p90(ms)   Istio_p99(ms)   Mazu_p50(ms)    Mazu_p90(ms)    Mazu_p99(ms)  
  100    39.17           49.63           68.99           34.65           44.86           59.71         
  200    40.32           56.61           83.33           54.40           77.89           122.11        
  300    65.73           159.87          347.14          68.48           196.35          504.83        
  400    294.40          995.84          2290.00         7180.00         16330.00        23150.00      
  500    11880.00        21630.00        28870.00        20270.00        34370.00        42960.00      
  600    14460.00        27620.00        35950.00        26150.00        44240.00        52800.00      
  700    23690.00        39420.00        46330.00        32390.00        54000.00        61200.00      
  800    30440.00        48070.00        56400.00        36110.00        60600.00        68400.00      
