# RPS	details-v1	details-v1-2	details-v1-3	details-v1-4	details-v1-5	details-v1-6	details-v1-7	details-v1-8	productpage-v1	productpage-v1-10	productpage-v1-11	productpage-v1-12	productpage-v1-13	productpage-v1-14	productpage-v1-15	productpage-v1-16	productpage-v1-17	productpage-v1-18	productpage-v1-19	productpage-v1-2	productpage-v1-20	productpage-v1-3	productpage-v1-4	productpage-v1-5	productpage-v1-6	productpage-v1-7	productpage-v1-8	productpage-v1-9	ratings-v1	reviews-v1	reviews-v2	reviews-v2-2	reviews-v2-3	reviews-v2-4	reviews-v2-5	reviews-v2-6	reviews-v3	reviews-v3-2	reviews-v3-3	reviews-v3-4	reviews-v3-5	istiod	kube-apiserver	kube-apiserver-2
100	0.06729036579402882	N/A	N/A	N/A	N/A	N/A	N/A	N/A	0.17691903200562506	N/A	N/A	N/A	N/A	N/A	N/A	N/A	N/A	N/A	N/A	0.1165228517217325	N/A	N/A	N/A	N/A	N/A	N/A	N/A	N/A	0.052351505779034704	0.020214617467083675	0.03392931635283095	0.03322596098043532	N/A	N/A	N/A	N/A	0.03430893414233272	0.02972151831769357	N/A	N/A	N/A	0.0076800210261063154	0.10874816153221495	0.13784790269143513
200	0.10387233901127882	N/A	N/A	N/A	N/A	N/A	N/A	N/A	0.1967792214873994	N/A	N/A	N/A	N/A	N/A	N/A	N/A	N/A	N/A	N/A	0.17602149085834817	N/A	0.16300214893414802	N/A	N/A	N/A	N/A	N/A	N/A	0.09735342938830516	0.030341984221572908	0.05083357202629874	0.0522539958979648	N/A	N/A	N/A	N/A	0.044263369564613124	0.051451339600824056	N/A	N/A	N/A	0.005201171570739977	0.10423777474995621	0.13844987429056851
400	0.1913382643879136	N/A	N/A	N/A	N/A	N/A	N/A	N/A	0.25290003202899475	N/A	N/A	N/A	N/A	N/A	N/A	N/A	N/A	N/A	N/A	0.21174002769762895	N/A	0.26891705798155763	0.17481182684638852	0.17103949894358136	0.1293571534623048	0.09055152919847587	N/A	N/A	0.19463071759628947	0.05247321958326361	0.10290772011001488	0.09843567920238866	N/A	N/A	N/A	N/A	0.08015156126327448	0.10324302755954537	N/A	N/A	N/A	0.011518064751888765	0.10884108090286483	0.16807921534706818
600	0.26106350075129114	0.21251717186337318	N/A	N/A	N/A	N/A	N/A	N/A	0.18273083462445325	0.1449491513591864	N/A	N/A	N/A	N/A	N/A	N/A	N/A	N/A	N/A	0.1893158158539364	N/A	0.22055983763131162	0.22026925359558758	0.19928410357483842	0.1809551577330371	0.21454856555263627	0.1637228162886404	0.1417254245297963	0.27545807790239557	0.09065843165900427	0.16175126444279747	0.16172848402792356	N/A	N/A	N/A	N/A	0.13098246770502647	0.1674980013175974	N/A	N/A	N/A	0.01124442853047041	0.12341585265241492	0.17580211685168515
800	0.28305457618562263	0.3094898496411474	N/A	N/A	N/A	N/A	N/A	N/A	0.2229870949137011	0.22292305315892158	0.15742665759613805	0.15978826198800486	0.14884735555939882	0.13022332543548074	N/A	N/A	N/A	N/A	N/A	0.2062202459662627	N/A	0.22498038008248705	0.21542736309170454	0.21605739764191106	0.2022002418406172	0.21742127084121216	0.21583868848651955	0.20162805475294998	0.331548212279527	0.1841293918315905	0.09631430557396793	0.3284428082090481	N/A	N/A	N/A	N/A	0.10199201802274496	0.3405964689456844	N/A	N/A	N/A	0.01072376339367029	0.12103617137476852	0.1775893692457663
1000	0.33981365412986764	0.3276505642162708	0.22285348336502714	N/A	N/A	N/A	N/A	N/A	0.20253654840359148	0.223045859562806	0.20545917567467642	0.2143150948712013	0.21808028341320165	0.18709545646283435	0.16129997075171407	0.17834923489696367	0.14819287257438374	0.1497861424521881	0.10659170996457572	0.2004018946887209	0.11180051511143599	0.18691203299746686	0.21038602731159625	0.21243977351817664	0.21539895322941083	0.19625956761312024	0.2191821257212788	0.20704915458867937	0.4094940563406393	0.21851385496111056	0.4341787788891049	N/A	N/A	N/A	N/A	N/A	0.4620770440036365	N/A	N/A	N/A	N/A	0.014333688789150287	0.12725069499088712	0.1833670074492598
1200	0.31801935174025586	0.32517953111928316	0.33083629279810156	N/A	N/A	N/A	N/A	N/A	0.22107918502272844	0.21502231877686487	0.21151601259990316	0.21231749236069425	0.22171475865802934	0.20125520581576756	0.21502404581819726	0.2088242658314841	0.2230473630490742	0.18644651439229554	0.2059568356280434	0.19718767100629864	0.20837458313732055	0.21256077671550275	0.21405578301391756	0.21040754949909718	0.198074758912458	0.2050546237198903	0.2231184853936651	0.19616334640206937	0.5723542634527661	0.21997374018564458	0.4968127047344278	0.2329355101218985	0.14550902640740598	0.15913310360886973	N/A	N/A	0.48996456978212005	0.23502759846265242	0.11088439985869718	N/A	N/A	0.01335720785921953	0.10767944388199102	0.17112837822704802
1400	0.33664774111451373	0.31125502509890396	0.3458392754144913	0.22858957598358062	N/A	N/A	N/A	N/A	0.2237151303108979	0.22814638986534805	0.25780745354793727	0.2521392204685948	0.25195225697108564	0.21455089328005272	0.25000266509871827	0.23277162691640224	0.229458173468794	0.2355765215774587	0.249872729325469	0.23026264500534563	0.22396863077802434	0.22973468313920137	0.24926151689180537	0.21748680461341702	0.2552866768037574	0.24452885636825938	0.24564300006574064	0.24221144427445215	0.7599137336545393	0.0986909618941022	0.21707136556221976	0.2094912506064899	0.20668400090226346	0.17545447244398255	0.1725113525011793	0.1374220870470135	0.210762285802994	0.20939527212177875	0.19824946000167032	0.15759616304018048	0.14111835209257456	0.015452403259363423	0.11806252839972484	0.20030522357263636
1600	0.31215362747133196	0.28373443986137237	0.3172274702156831	0.3015563550257088	N/A	N/A	N/A	N/A	0.24782668958005794	0.2215774278161956	0.2735747875548585	0.2505301821391855	0.2711227522972027	0.26288659714077245	0.2800636007468729	0.2435748270983756	0.2706828433890113	0.2637104944486715	0.26365694782771887	0.27625750954952627	0.24619449682027758	0.2606819383266084	0.26717403860156436	0.23875949661196055	0.27906748302930406	0.2850534928770228	0.2678178507814837	0.275926228870572	0.7995842383254834	0.09800383761143214	0.2198665777865299	0.2062100496654619	0.20549327615498017	0.16103446887515932	0.20201062141891446	0.16082760291113873	0.20558842815224815	0.19593100759164359	0.19880763998752365	0.20544269427624445	0.16317144523483434	0.00453798502445562	0.11247997156421369	0.17768763143443
1800	0.3103902336313979	0.30685577759873384	0.34756465221219024	0.3278116627047847	N/A	N/A	N/A	N/A	0.2520828991849698	0.2579146916327077	0.28971828232166363	0.2678272537550668	0.27598135165276877	0.27435034341324555	0.2945807555008392	0.2611377933001756	0.26982207479991127	0.27923073910228574	0.2718704510353899	0.27830722572946637	0.24029461634830449	0.2690541682327147	0.27367570074112885	0.25088038251004935	0.2812094931740726	0.2758977253869875	0.26745682378617613	0.27481708295719576	0.7917787619114531	0.10792161438122837	0.2228289060774974	0.1957483808979791	0.2011475472121512	0.18502575389621514	0.20541559017552724	0.1887617048079312	0.19905999368502172	0.21011392674675738	0.2267516935690812	0.20305992610985202	0.1868573549801816	0.004063864355841382	0.10758513699605099	0.18709213274259873
2000	0.3074546891546101	0.3150763971070769	0.31947298027998206	0.3162405125034221	0.22190747663482274	N/A	N/A	N/A	0.2604740818425272	0.26883096678409274	0.28505561273997315	0.287589725700513	0.28937241435549566	0.27810134337074416	0.28037725756150633	0.2623659115393643	0.2705295603134529	0.2779576897567235	0.2981449298324503	0.2778021530707772	0.26732457703017004	0.2929766940594298	0.2838362620611474	0.26581110283106885	0.2673727905892613	0.2828140124202702	0.289438528598883	0.27892757161801973	0.9008298367419708	0.152662967844818	0.2971584146626411	0.2682833549314072	0.13667650340350226	0.12424940384756375	0.14259987538725696	0.2961475145189546	0.28718411219380174	0.16042988169333666	0.20182421017253258	0.2843891250346169	0.27907049147741675	0.01144421465367887	0.12266116772417258	0.20079393206070728
2200	0.2779659723380691	0.27440614374287214	0.31687801773908575	0.29899329951470416	0.3164671525075265	N/A	N/A	N/A	0.2698510099096154	0.2763038733069274	0.306410176360804	0.30363194286073447	0.2993230248617781	0.281238802921155	0.29297508016330565	0.29109198285403987	0.30308127478841906	0.2812069204717942	0.31122172332896186	0.26307455747239983	0.2833334600896047	0.28972499953998154	0.3023238999683529	0.26107072816112	0.2820672163372401	0.283276200634239	0.3060169318038703	0.259605997507035	0.9149346212997161	0.19718570818474387	0.3851294198102233	0.3296086480460393	0.36832463956090034	N/A	N/A	N/A	0.3721748261914831	0.3425051974945207	0.3570674251211988	N/A	N/A	0.005279252584221422	0.10649125701370424	0.17666649548745084
2400	0.28634943020672066	0.30124997784580065	0.3157510340640788	0.31894371433974394	0.3190231456179322	0.20770731759746008	N/A	N/A	0.297543009254262	0.29378303617095525	0.319175884659366	0.3143624459484714	0.3221335055478498	0.26426484228665126	0.2941864800094567	0.3147010193785299	0.3146556074171014	0.27774187201624684	0.321896116931139	0.2843485530559118	0.30689427277742015	0.3151746207151754	0.31568524412539944	0.29905904184439963	0.29828265954731076	0.3068000410280949	0.31408675882670123	0.28552704844039634	1.0702104599178577	0.21317644913068667	0.3880644969268017	0.34573053060398307	0.42493219116985137	N/A	N/A	N/A	0.38077188633423936	0.3399934113222268	0.419496937413349	N/A	N/A	0.006153984958949442	0.10264555574357437	0.17872117564567055
2600	0.30932141766208504	0.2930953000067063	0.2679643944388973	0.2797629528084145	0.2942471104348578	0.3071695849684549	N/A	N/A	0.33224004219361225	0.324093350194188	0.31771679151543103	0.3223330713533844	0.3089763735586047	0.30788478018621895	0.3165354390416688	0.3323102968559345	0.3260025027093677	0.33053571279428273	0.30970518464295216	0.3332708341770784	0.32636390794525555	0.3190157465457504	0.31686534194819954	0.33426446698397283	0.33405376476819454	0.3312662401562898	0.3211695930459963	0.31187390947683324	1.085023302091393	0.23865182581945021	0.37456625610860717	0.37060671749632684	0.43237289813444924	N/A	N/A	N/A	0.38921829111828954	0.40227127622302516	0.4924324373793446	N/A	N/A	0.0048096804749328285	0.10077521841532122	0.18223098686573555
2800	0.32561908378676385	0.3131906884185808	0.28928208192400295	0.3028826885536967	0.3068905412682269	0.32228129516651577	0.20311612550821476	0.22938657456332334	0.3832129658491462	0.35446676515670733	0.36335034804026606	0.360911618578381	0.374370976082212	0.3614372313475954	0.3535351822212833	0.3657459609320549	0.36701053924286	0.37585168921761875	0.356249694951392	0.36616086642297785	0.338384089387317	0.3424369860938242	0.3680912220503813	0.346658923933528	0.3501121996977656	0.35770369504820704	0.3394616747253115	0.33453403634741324	1.3943180967309572	0.26574916667817283	0.39462598271049043	0.4153609570422224	0.49225760350150266	0.24054140730322243	0.1283344602218336	0.1551615213758658	0.4050319896994573	0.4061613077066719	0.5098249969015289	0.21434673873511872	N/A	0.015309298482783375	0.11162416632796172	0.20946757697418342
3000	0.2975395509993648	0.2812293237326263	0.28603584944096305	0.25883779211626096	0.30292377591518027	0.30429000223182956	0.26693591327919175	0.2958172904957484	0.39787095388562826	0.39892519494653267	0.3974770361095067	0.40212000045900204	0.40242994601786364	0.3781623114002786	0.4005655191219662	0.38263183904503417	0.4119773149211854	0.4022385874664629	0.38859612866287746	0.3848475271503412	0.4085201054031898	0.41493560997261464	0.38398323507046794	0.3920027372840462	0.4010382732437553	0.4092175458988373	0.3935516029627236	0.33668387892954743	1.5823357753607166	0.20146697981274148	0.31034975079449967	0.3178225575987468	0.39284833524984214	0.3357986808494954	0.3411283719148763	0.3279887374172732	0.32936586869611334	0.3373732492332842	0.3658583789905335	0.3066519206374369	N/A	0.0063570467608288815	0.11126414424062328	0.20140185399498345
3200	0.3396136082937365	0.3257305702703114	0.3036016434854082	0.32908316672705357	0.3267412115212161	0.3323983640742608	0.3202171674017992	0.3032173849153793	0.3989963596058961	0.4160864340883813	0.4512907657389415	0.4410863142162233	0.4293224416569292	0.43062544042684014	0.39903786784490536	0.4320154718415186	0.43186849928171045	0.4412088039499583	0.429939928495251	0.45071321710682083	0.4453233403325113	0.4505373970360051	0.449673812457012	0.3982571161090689	0.46184839541826833	0.41419741041005853	0.4226460724706439	0.44620146123091964	1.518588305818279	0.23074048808864345	0.3271136924702926	0.3470174837273854	0.41360399846182	0.3848069673857793	0.38222989414863595	0.3696296444184333	0.3567713490828256	0.3480095383743392	0.38776212324720216	0.3317073623269392	N/A	0.006551477371111373	0.10732212831307893	0.19703545102919812
