# RPS	details-v1	productpage-v1	ratings-v1	reviews-v1	reviews-v2	reviews-v3	istiod	kube-apiserver	kube-apiserver-2
20	0.04166023084728704	0.14723366423388362	0.02830210338231476	0.023462190015190468	0.03558339973545799	0.03857533765228485	0.0024625954985242377	0.10500924747311997	0.12362521887803227
40	0.0779479072295117	0.2633591713668407	0.04825295908625693	0.04023913378435567	0.059065676128105864	0.06456748773322081	0.003203877241689126	0.12159815405795438	0.11626581296194272
60	0.10261103918411632	0.36562842766352954	0.06767265741604556	0.05716979953812789	0.09298433795697454	0.07741322062470814	0.0036946245865808365	0.130107348438411	0.09055698881306352
80	0.16360333094329085	0.6126770818845452	0.09972311323662422	0.09770301623941048	0.14741512959345285	0.12691077468417022	0.0038617724261993647	0.12485394844288004	0.10806576558235109
100	0.22237566021592306	0.7068132700304434	0.12540676318156513	0.11525663522093901	0.18863946568793943	0.1449462965959584	0.00424918516962616	0.10438744170509111	0.11553060585142096
500	0.971151031705665	1.8536793310018722	0.4500602275640857	0.3960151866457833	0.5198736884242621	0.524702723454873	0.004437890186784005	0.10859942931465155	0.12366022390333715
1000	0.8202024947687534	1.6326762901368619	0.37367313509718125	0.2935372555709382	0.48101594120874736	0.4479810402479223	0.007255018972336173	0.09103381425003271	0.13817622164323531
2000	0.8495772111969297	1.8189619849193956	0.425288690030732	0.3493331646465033	0.4986192332580804	0.47378653470306165	0.008438511089102162	0.12357788141990367	0.08300238871531682
4000	0.901583132277741	1.8187485071317357	0.4050920111435966	0.3295425774309034	0.4627252865762106	0.4686800062455588	0.005465331984994013	0.09846964201558925	0.13101890012341244
