# p50 latency (s) vs qps
# qps           istio           st2-NIChaRes    st3-TokRev      st4-AudUpd      st5-AttUpd     
1000            0.019           22.479          51.446          54.854          38.207
2000            30.753          102.892         96.993          91.947          109.707
4000            100.598         138.150         129.303         135.135         119.144
8000            125.633         120.914         153.616         151.388         152.830
12000           132.973         155.714         157.024         157.549         159.646
16000           130.089         156.107         177.078         160.956         144.572
24000           143.131         167.379         167.379         162.136         165.806
32000           132.645         167.903         152.568         158.597         160.694
