# p99 latency (s) vs qps
# qps           istio           st2-NIChaRes    st3-TokRev      st4-AudUpd      st5-AttUpd     
1000            33.096          48.071          74.449          82.379          57.541
2000            41.910          115.606         109.969         105.972         123.535
4000            140.771         175.243         166.199         178.127         188.613
8000            189.137         196.739         204.997         202.768         205.390
12000           205.259         218.366         215.351         215.745         218.759
16000           211.681         220.594         219.283         222.036         223.871
24000           222.167         228.983         227.672         226.230         228.590
32000           224.395         231.080         232.784         230.162         230.031
