timestamp,app,version,phase,ready
1778051421,details,v1,Running,True
1778051421,details,v1,Running,True
1778051421,productpage,v1,Running,True
1778051421,productpage,v1,Running,True
1778051421,ratings,v1,Running,True
1778051421,ratings,v1,Running,True
1778051421,reviews,v3,Running,True
1778051421,reviews,v3,Running,True
1778051422,details,v1,Running,True
1778051422,details,v1,Running,True
1778051422,productpage,v1,Running,True
1778051422,productpage,v1,Running,True
1778051422,ratings,v1,Running,True
1778051422,ratings,v1,Running,True
1778051422,reviews,v3,Running,True
1778051422,reviews,v3,Running,True
1778051423,details,v1,Running,True
1778051423,details,v1,Running,True
1778051423,productpage,v1,Running,True
1778051423,productpage,v1,Running,True
1778051423,ratings,v1,Running,True
1778051423,ratings,v1,Running,True
1778051423,reviews,v3,Running,True
1778051423,reviews,v3,Running,True
1778051424,details,v1,Running,True
1778051424,details,v1,Running,True
1778051424,productpage,v1,Running,True
1778051424,productpage,v1,Running,True
1778051424,ratings,v1,Running,True
1778051424,ratings,v1,Running,True
1778051424,reviews,v3,Running,True
1778051424,reviews,v3,Running,True
1778051425,details,v1,Running,True
1778051425,details,v1,Running,True
1778051425,productpage,v1,Running,True
1778051425,productpage,v1,Running,True
1778051425,ratings,v1,Running,True
1778051425,ratings,v1,Running,True
1778051425,reviews,v3,Running,True
1778051425,reviews,v3,Running,True
1778051426,details,v1,Running,True
1778051426,details,v1,Running,True
1778051426,productpage,v1,Running,True
1778051426,productpage,v1,Running,True
1778051426,ratings,v1,Running,True
1778051426,ratings,v1,Running,True
1778051426,reviews,v3,Running,True
1778051426,reviews,v3,Running,True
1778051427,details,v1,Running,True
1778051427,details,v1,Running,True
1778051427,productpage,v1,Running,True
1778051427,productpage,v1,Running,True
1778051427,ratings,v1,Running,True
1778051427,ratings,v1,Running,True
1778051427,reviews,v3,Running,True
1778051427,reviews,v3,Running,True
1778051428,details,v1,Running,True
1778051428,details,v1,Running,True
1778051428,productpage,v1,Running,True
1778051428,productpage,v1,Running,True
1778051428,ratings,v1,Running,True
1778051428,ratings,v1,Running,True
1778051428,reviews,v3,Running,True
1778051428,reviews,v3,Running,True
1778051429,details,v1,Running,True
1778051429,details,v1,Running,True
1778051429,productpage,v1,Running,True
1778051429,productpage,v1,Running,True
1778051429,ratings,v1,Running,True
1778051429,ratings,v1,Running,True
1778051429,reviews,v3,Running,True
1778051429,reviews,v3,Running,True
1778051430,details,v1,Running,True
1778051430,details,v1,Running,True
1778051430,productpage,v1,Running,True
1778051430,productpage,v1,Running,True
1778051430,ratings,v1,Running,True
1778051430,ratings,v1,Running,True
1778051430,reviews,v3,Running,True
1778051430,reviews,v3,Running,True
1778051431,details,v1,Running,True
1778051431,details,v1,Running,True
1778051431,productpage,v1,Running,True
1778051431,productpage,v1,Running,True
1778051431,ratings,v1,Running,True
1778051431,ratings,v1,Running,True
1778051431,reviews,v3,Running,True
1778051431,reviews,v3,Running,True
1778051432,details,v1,Running,True
1778051432,details,v1,Running,True
1778051432,productpage,v1,Running,True
1778051432,productpage,v1,Running,True
1778051432,ratings,v1,Running,True
1778051432,ratings,v1,Running,True
1778051432,reviews,v3,Running,True
1778051432,reviews,v3,Running,True
1778051434,details,v1,Running,True
1778051434,details,v1,Running,True
1778051434,productpage,v1,Running,True
1778051434,productpage,v1,Running,True
1778051434,ratings,v1,Running,True
1778051434,ratings,v1,Running,True
1778051434,reviews,v3,Running,True
1778051434,reviews,v3,Running,True
1778051435,details,v1,Running,True
1778051435,details,v1,Running,True
1778051435,productpage,v1,Running,True
1778051435,productpage,v1,Running,True
1778051435,ratings,v1,Running,True
1778051435,ratings,v1,Running,True
1778051435,reviews,v3,Running,True
1778051435,reviews,v3,Running,True
1778051436,details,v1,Running,True
1778051436,details,v1,Running,True
1778051436,productpage,v1,Running,True
1778051436,productpage,v1,Running,True
1778051436,ratings,v1,Running,True
1778051436,ratings,v1,Running,True
1778051436,reviews,v3,Running,True
1778051436,reviews,v3,Running,True
1778051437,details,v1,Running,True
1778051437,details,v1,Running,True
1778051437,productpage,v1,Running,True
1778051437,productpage,v1,Running,True
1778051437,ratings,v1,Running,True
1778051437,ratings,v1,Running,True
1778051437,reviews,v3,Running,True
1778051437,reviews,v3,Running,True
1778051438,details,v1,Running,True
1778051438,details,v1,Running,True
1778051438,productpage,v1,Running,True
1778051438,productpage,v1,Running,True
1778051438,ratings,v1,Running,True
1778051438,ratings,v1,Running,True
1778051438,reviews,v3,Running,True
1778051438,reviews,v3,Running,True
1778051439,details,v1,Running,True
1778051439,details,v1,Running,True
1778051439,productpage,v1,Running,True
1778051439,productpage,v1,Running,True
1778051439,ratings,v1,Running,True
1778051439,ratings,v1,Running,True
1778051439,reviews,v3,Running,True
1778051439,reviews,v3,Running,True
1778051440,details,v1,Running,True
1778051440,details,v1,Running,True
1778051440,productpage,v1,Running,True
1778051440,productpage,v1,Running,True
1778051440,ratings,v1,Running,True
1778051440,ratings,v1,Running,True
1778051440,reviews,v3,Running,True
1778051440,reviews,v3,Running,True
1778051441,details,v1,Running,True
1778051441,details,v1,Running,True
1778051441,productpage,v1,Running,True
1778051441,productpage,v1,Running,True
1778051441,ratings,v1,Running,True
1778051441,ratings,v1,Running,True
1778051441,reviews,v3,Running,True
1778051441,reviews,v3,Running,True
1778051442,details,v1,Running,True
1778051442,details,v1,Running,True
1778051442,productpage,v1,Running,True
1778051442,productpage,v1,Running,True
1778051442,ratings,v1,Running,True
1778051442,ratings,v1,Running,True
1778051442,reviews,v3,Running,True
1778051442,reviews,v3,Running,True
1778051443,details,v1,Running,True
1778051443,details,v1,Running,True
1778051443,productpage,v1,Running,True
1778051443,productpage,v1,Running,True
1778051443,ratings,v1,Running,True
1778051443,ratings,v1,Running,True
1778051443,reviews,v3,Running,True
1778051443,reviews,v3,Running,True
1778051444,details,v1,Running,True
1778051444,details,v1,Running,True
1778051444,productpage,v1,Running,True
1778051444,productpage,v1,Running,True
1778051444,ratings,v1,Running,True
1778051444,ratings,v1,Running,True
1778051444,reviews,v3,Pending,False
1778051444,reviews,v3,Running,True
1778051444,reviews,v3,Running,True
1778051445,details,v1,Running,True
1778051445,details,v1,Running,True
1778051445,productpage,v1,Running,True
1778051445,productpage,v1,Running,True
1778051445,ratings,v1,Running,True
1778051445,ratings,v1,Running,True
1778051445,reviews,v3,Pending,False
1778051445,reviews,v3,Running,True
1778051445,reviews,v3,Running,True
1778051446,details,v1,Running,True
1778051446,details,v1,Running,True
1778051446,productpage,v1,Running,True
1778051446,productpage,v1,Running,True
1778051446,ratings,v1,Running,True
1778051446,ratings,v1,Running,True
1778051446,reviews,v3,Pending,False
1778051446,reviews,v3,Running,True
1778051446,reviews,v3,Running,True
1778051447,details,v1,Running,True
1778051447,details,v1,Running,True
1778051447,productpage,v1,Running,True
1778051447,productpage,v1,Running,True
1778051447,ratings,v1,Running,True
1778051447,ratings,v1,Running,True
1778051447,reviews,v3,Pending,False
1778051447,reviews,v3,Running,True
1778051447,reviews,v3,Running,True
1778051448,details,v1,Running,True
1778051448,details,v1,Running,True
1778051448,productpage,v1,Running,True
1778051448,productpage,v1,Running,True
1778051448,ratings,v1,Running,True
1778051448,ratings,v1,Running,True
1778051448,reviews,v3,Running,False
1778051448,reviews,v3,Running,True
1778051448,reviews,v3,Running,True
1778051449,details,v1,Running,True
1778051449,details,v1,Running,True
1778051449,productpage,v1,Running,True
1778051449,productpage,v1,Running,True
1778051449,ratings,v1,Running,True
1778051449,ratings,v1,Running,True
1778051449,reviews,v3,Running,False
1778051449,reviews,v3,Running,True
1778051449,reviews,v3,Running,True
1778051450,details,v1,Running,True
1778051450,details,v1,Running,True
1778051450,productpage,v1,Running,True
1778051450,productpage,v1,Running,True
1778051450,ratings,v1,Running,True
1778051450,ratings,v1,Running,True
1778051450,reviews,v3,Running,True
1778051450,reviews,v3,Running,True
1778051450,reviews,v3,Running,True
1778051451,details,v1,Running,True
1778051451,details,v1,Running,True
1778051451,productpage,v1,Running,True
1778051451,productpage,v1,Running,True
1778051451,ratings,v1,Running,True
1778051451,ratings,v1,Running,True
1778051451,reviews,v3,Running,True
1778051451,reviews,v3,Running,True
1778051451,reviews,v3,Running,True
1778051452,details,v1,Running,True
1778051452,details,v1,Running,True
1778051452,productpage,v1,Running,True
1778051452,productpage,v1,Running,True
1778051452,ratings,v1,Running,True
1778051452,ratings,v1,Running,True
1778051452,reviews,v3,Running,True
1778051452,reviews,v3,Running,True
1778051452,reviews,v3,Running,True
1778051453,details,v1,Running,True
1778051453,details,v1,Running,True
1778051453,productpage,v1,Running,True
1778051453,productpage,v1,Running,True
1778051453,ratings,v1,Running,True
1778051453,ratings,v1,Running,True
1778051453,reviews,v3,Running,True
1778051453,reviews,v3,Running,True
1778051453,reviews,v3,Running,True
1778051454,details,v1,Running,True
1778051454,details,v1,Running,True
1778051454,productpage,v1,Running,True
1778051454,productpage,v1,Running,True
1778051454,ratings,v1,Running,True
1778051454,ratings,v1,Running,True
1778051454,reviews,v3,Running,True
1778051454,reviews,v3,Running,True
1778051454,reviews,v3,Running,True
1778051455,details,v1,Running,True
1778051455,details,v1,Running,True
1778051455,productpage,v1,Running,True
1778051455,productpage,v1,Running,True
1778051455,ratings,v1,Running,True
1778051455,ratings,v1,Running,True
1778051455,reviews,v3,Running,True
1778051455,reviews,v3,Running,True
1778051455,reviews,v3,Running,True
1778051456,details,v1,Running,True
1778051456,details,v1,Running,True
1778051456,productpage,v1,Running,True
1778051456,productpage,v1,Running,True
1778051456,ratings,v1,Running,True
1778051456,ratings,v1,Running,True
1778051456,reviews,v3,Running,True
1778051456,reviews,v3,Running,True
1778051456,reviews,v3,Running,True
1778051457,details,v1,Running,True
1778051457,details,v1,Running,True
1778051457,productpage,v1,Running,True
1778051457,productpage,v1,Running,True
1778051457,ratings,v1,Running,True
1778051457,ratings,v1,Running,True
1778051457,reviews,v3,Running,True
1778051457,reviews,v3,Running,True
1778051457,reviews,v3,Running,True
1778051458,details,v1,Running,True
1778051458,details,v1,Running,True
1778051458,productpage,v1,Running,True
1778051458,productpage,v1,Running,True
1778051458,ratings,v1,Running,True
1778051458,ratings,v1,Running,True
1778051458,reviews,v3,Running,True
1778051458,reviews,v3,Running,True
1778051458,reviews,v3,Running,True
1778051459,details,v1,Running,True
1778051459,details,v1,Running,True
1778051459,productpage,v1,Running,True
1778051459,productpage,v1,Running,True
1778051459,ratings,v1,Running,True
1778051459,ratings,v1,Running,True
1778051459,reviews,v3,Running,True
1778051459,reviews,v3,Running,True
1778051459,reviews,v3,Running,True
1778051460,details,v1,Running,True
1778051460,details,v1,Running,True
1778051460,productpage,v1,Running,True
1778051460,productpage,v1,Running,True
1778051460,ratings,v1,Running,True
1778051460,ratings,v1,Running,True
1778051460,reviews,v3,Running,True
1778051460,reviews,v3,Running,True
1778051460,reviews,v3,Running,True
1778051461,details,v1,Running,True
1778051461,details,v1,Running,True
1778051461,productpage,v1,Running,True
1778051461,productpage,v1,Running,True
1778051461,ratings,v1,Running,True
1778051461,ratings,v1,Running,True
1778051461,reviews,v3,Running,True
1778051461,reviews,v3,Running,True
1778051461,reviews,v3,Running,True
1778051462,details,v1,Running,True
1778051462,details,v1,Running,True
1778051462,productpage,v1,Running,True
1778051462,productpage,v1,Running,True
1778051462,ratings,v1,Running,True
1778051462,ratings,v1,Running,True
1778051462,reviews,v3,Running,True
1778051462,reviews,v3,Running,True
1778051462,reviews,v3,Running,True
1778051463,details,v1,Running,True
1778051463,details,v1,Running,True
1778051463,productpage,v1,Running,True
1778051463,productpage,v1,Running,True
1778051463,ratings,v1,Running,True
1778051463,ratings,v1,Running,True
1778051463,reviews,v3,Running,True
1778051463,reviews,v3,Running,True
1778051463,reviews,v3,Running,True
1778051464,details,v1,Running,True
1778051464,details,v1,Running,True
1778051464,productpage,v1,Running,True
1778051464,productpage,v1,Running,True
1778051464,ratings,v1,Running,True
1778051464,ratings,v1,Running,True
1778051464,reviews,v3,Running,True
1778051464,reviews,v3,Running,True
1778051464,reviews,v3,Running,True
1778051465,details,v1,Running,True
1778051465,details,v1,Running,True
1778051465,productpage,v1,Running,True
1778051465,productpage,v1,Running,True
1778051465,ratings,v1,Running,True
1778051465,ratings,v1,Running,True
1778051465,reviews,v3,Running,True
1778051465,reviews,v3,Running,True
1778051465,reviews,v3,Running,True
1778051466,details,v1,Running,True
1778051466,details,v1,Running,True
1778051466,productpage,v1,Running,True
1778051466,productpage,v1,Running,True
1778051466,ratings,v1,Running,True
1778051466,ratings,v1,Running,True
1778051466,reviews,v3,Running,True
1778051466,reviews,v3,Running,True
1778051466,reviews,v3,Running,True
1778051467,details,v1,Running,True
1778051467,details,v1,Running,True
1778051467,productpage,v1,Running,True
1778051467,productpage,v1,Running,True
1778051467,ratings,v1,Running,True
1778051467,ratings,v1,Running,True
1778051467,reviews,v3,Running,True
1778051467,reviews,v3,Running,True
1778051467,reviews,v3,Running,True
1778051468,details,v1,Running,True
1778051468,details,v1,Running,True
1778051468,productpage,v1,Running,True
1778051468,productpage,v1,Running,True
1778051468,ratings,v1,Running,True
1778051468,ratings,v1,Running,True
1778051468,reviews,v3,Running,True
1778051468,reviews,v3,Running,True
1778051468,reviews,v3,Running,True
1778051469,details,v1,Running,True
1778051469,details,v1,Running,True
1778051469,productpage,v1,Running,True
1778051469,productpage,v1,Running,True
1778051469,ratings,v1,Running,True
1778051469,ratings,v1,Running,True
1778051469,reviews,v3,Running,True
1778051469,reviews,v3,Running,True
1778051469,reviews,v3,Running,True
1778051470,details,v1,Running,True
1778051470,details,v1,Running,True
1778051470,productpage,v1,Running,True
1778051470,productpage,v1,Running,True
1778051470,ratings,v1,Running,True
1778051470,ratings,v1,Running,True
1778051470,reviews,v3,Running,True
1778051470,reviews,v3,Running,True
1778051470,reviews,v3,Running,True
1778051471,details,v1,Running,True
1778051471,details,v1,Running,True
1778051471,productpage,v1,Running,True
1778051471,productpage,v1,Running,True
1778051471,ratings,v1,Running,True
1778051471,ratings,v1,Running,True
1778051471,reviews,v3,Running,True
1778051471,reviews,v3,Running,True
1778051471,reviews,v3,Running,True
1778051472,details,v1,Running,True
1778051472,details,v1,Running,True
1778051472,productpage,v1,Running,True
1778051472,productpage,v1,Running,True
1778051472,ratings,v1,Running,True
1778051472,ratings,v1,Running,True
1778051472,reviews,v3,Running,True
1778051472,reviews,v3,Running,True
1778051472,reviews,v3,Running,True
1778051473,details,v1,Running,True
1778051473,details,v1,Running,True
1778051473,productpage,v1,Running,True
1778051473,productpage,v1,Running,True
1778051473,ratings,v1,Running,True
1778051473,ratings,v1,Running,True
1778051473,reviews,v3,Running,True
1778051473,reviews,v3,Running,True
1778051473,reviews,v3,Running,True
1778051474,details,v1,Running,True
1778051474,details,v1,Running,True
1778051474,productpage,v1,Running,True
1778051474,productpage,v1,Running,True
1778051474,ratings,v1,Running,True
1778051474,ratings,v1,Running,True
1778051474,reviews,v3,Running,True
1778051474,reviews,v3,Running,True
1778051474,reviews,v3,Running,True
1778051475,details,v1,Running,True
1778051475,details,v1,Running,True
1778051475,productpage,v1,Running,True
1778051475,productpage,v1,Running,True
1778051475,ratings,v1,Running,True
1778051475,ratings,v1,Running,True
1778051475,reviews,v3,Running,True
1778051475,reviews,v3,Running,True
1778051475,reviews,v3,Running,True
1778051476,details,v1,Running,True
1778051476,details,v1,Running,True
1778051476,productpage,v1,Running,True
1778051476,productpage,v1,Running,True
1778051476,ratings,v1,Running,True
1778051476,ratings,v1,Running,True
1778051476,reviews,v3,Running,True
1778051476,reviews,v3,Running,True
1778051476,reviews,v3,Running,True
1778051477,details,v1,Running,True
1778051477,details,v1,Running,True
1778051477,productpage,v1,Running,True
1778051477,productpage,v1,Running,True
1778051477,ratings,v1,Running,True
1778051477,ratings,v1,Running,True
1778051477,reviews,v3,Running,True
1778051477,reviews,v3,Running,True
1778051477,reviews,v3,Running,True
1778051478,details,v1,Running,True
1778051478,details,v1,Running,True
1778051478,productpage,v1,Running,True
1778051478,productpage,v1,Running,True
1778051478,ratings,v1,Running,True
1778051478,ratings,v1,Running,True
1778051478,reviews,v3,Running,True
1778051478,reviews,v3,Running,True
1778051478,reviews,v3,Running,True
1778051479,details,v1,Running,True
1778051479,details,v1,Running,True
1778051479,productpage,v1,Running,True
1778051479,productpage,v1,Running,True
1778051479,ratings,v1,Running,True
1778051479,ratings,v1,Running,True
1778051479,reviews,v3,Running,True
1778051479,reviews,v3,Running,True
1778051479,reviews,v3,Running,True
1778051480,details,v1,Running,True
1778051480,details,v1,Running,True
1778051480,productpage,v1,Running,True
1778051480,productpage,v1,Running,True
1778051480,ratings,v1,Running,True
1778051480,ratings,v1,Running,True
1778051480,reviews,v3,Running,True
1778051480,reviews,v3,Running,True
1778051480,reviews,v3,Running,True
1778051481,details,v1,Running,True
1778051481,details,v1,Running,True
1778051481,productpage,v1,Running,True
1778051481,productpage,v1,Running,True
1778051481,ratings,v1,Running,True
1778051481,ratings,v1,Running,True
1778051481,reviews,v3,Running,True
1778051481,reviews,v3,Running,True
1778051481,reviews,v3,Running,True
1778051482,details,v1,Running,True
1778051482,details,v1,Running,True
1778051482,productpage,v1,Running,True
1778051482,productpage,v1,Running,True
1778051482,ratings,v1,Running,True
1778051482,ratings,v1,Running,True
1778051482,reviews,v3,Running,True
1778051482,reviews,v3,Running,True
1778051482,reviews,v3,Running,True
1778051483,details,v1,Running,True
1778051483,details,v1,Running,True
1778051483,productpage,v1,Running,True
1778051483,productpage,v1,Running,True
1778051483,ratings,v1,Running,True
1778051483,ratings,v1,Running,True
1778051483,reviews,v3,Running,True
1778051483,reviews,v3,Running,True
1778051483,reviews,v3,Running,True
1778051484,details,v1,Running,True
1778051484,details,v1,Running,True
1778051484,productpage,v1,Running,True
1778051484,productpage,v1,Running,True
1778051484,ratings,v1,Running,True
1778051484,ratings,v1,Running,True
1778051484,reviews,v3,Running,True
1778051484,reviews,v3,Running,True
1778051484,reviews,v3,Running,True
1778051485,details,v1,Running,True
1778051485,details,v1,Running,True
1778051485,productpage,v1,Running,True
1778051485,productpage,v1,Running,True
1778051485,ratings,v1,Running,True
1778051485,ratings,v1,Running,True
1778051485,reviews,v3,Running,True
1778051485,reviews,v3,Running,True
1778051485,reviews,v3,Running,True
1778051486,details,v1,Running,True
1778051486,details,v1,Running,True
1778051486,productpage,v1,Running,True
1778051486,productpage,v1,Running,True
1778051486,ratings,v1,Running,True
1778051486,ratings,v1,Running,True
1778051486,reviews,v3,Running,True
1778051486,reviews,v3,Running,True
1778051486,reviews,v3,Running,True
1778051487,details,v1,Running,True
1778051487,details,v1,Running,True
1778051487,productpage,v1,Running,True
1778051487,productpage,v1,Running,True
1778051487,ratings,v1,Running,True
1778051487,ratings,v1,Running,True
1778051487,reviews,v3,Running,True
1778051487,reviews,v3,Running,True
1778051487,reviews,v3,Running,True
1778051488,details,v1,Running,True
1778051488,details,v1,Running,True
1778051488,productpage,v1,Running,True
1778051488,productpage,v1,Running,True
1778051488,ratings,v1,Running,True
1778051488,ratings,v1,Running,True
1778051488,reviews,v3,Running,True
1778051488,reviews,v3,Running,True
1778051488,reviews,v3,Running,True
1778051489,details,v1,Running,True
1778051489,details,v1,Running,True
1778051489,productpage,v1,Running,True
1778051489,productpage,v1,Running,True
1778051489,ratings,v1,Running,True
1778051489,ratings,v1,Running,True
1778051489,reviews,v3,Running,True
1778051489,reviews,v3,Running,True
1778051489,reviews,v3,Running,True
1778051490,details,v1,Running,True
1778051490,details,v1,Running,True
1778051490,productpage,v1,Running,True
1778051490,productpage,v1,Running,True
1778051490,ratings,v1,Running,True
1778051490,ratings,v1,Running,True
1778051490,reviews,v3,Running,True
1778051490,reviews,v3,Running,True
1778051490,reviews,v3,Running,True
1778051491,details,v1,Running,True
1778051491,details,v1,Running,True
1778051491,productpage,v1,Running,True
1778051491,productpage,v1,Running,True
1778051491,ratings,v1,Running,True
1778051491,ratings,v1,Running,True
1778051491,reviews,v3,Running,True
1778051491,reviews,v3,Running,True
1778051491,reviews,v3,Running,True
1778051492,details,v1,Running,True
1778051492,details,v1,Running,True
1778051492,productpage,v1,Running,True
1778051492,productpage,v1,Running,True
1778051492,ratings,v1,Running,True
1778051492,ratings,v1,Running,True
1778051492,reviews,v3,Running,True
1778051492,reviews,v3,Running,True
1778051492,reviews,v3,Running,True
1778051493,details,v1,Running,True
1778051493,details,v1,Running,True
1778051493,productpage,v1,Running,True
1778051493,productpage,v1,Running,True
1778051493,ratings,v1,Running,True
1778051493,ratings,v1,Running,True
1778051493,reviews,v3,Running,True
1778051493,reviews,v3,Running,True
1778051493,reviews,v3,Running,True
1778051494,details,v1,Running,True
1778051494,details,v1,Running,True
1778051494,productpage,v1,Running,True
1778051494,productpage,v1,Running,True
1778051494,ratings,v1,Running,True
1778051494,ratings,v1,Running,True
1778051494,reviews,v3,Running,True
1778051494,reviews,v3,Running,True
1778051494,reviews,v3,Running,True
1778051495,details,v1,Running,True
1778051495,details,v1,Running,True
1778051495,productpage,v1,Running,True
1778051495,productpage,v1,Running,True
1778051495,ratings,v1,Running,True
1778051495,ratings,v1,Running,True
1778051495,reviews,v3,Running,True
1778051495,reviews,v3,Running,True
1778051495,reviews,v3,Running,True
1778051496,details,v1,Running,True
1778051496,details,v1,Running,True
1778051496,productpage,v1,Running,True
1778051496,productpage,v1,Running,True
1778051496,ratings,v1,Running,True
1778051496,ratings,v1,Running,True
1778051496,reviews,v3,Running,True
1778051496,reviews,v3,Running,True
1778051496,reviews,v3,Running,True
1778051497,details,v1,Running,True
1778051497,details,v1,Running,True
1778051497,productpage,v1,Running,True
1778051497,productpage,v1,Running,True
1778051497,ratings,v1,Running,True
1778051497,ratings,v1,Running,True
1778051497,reviews,v3,Running,True
1778051497,reviews,v3,Running,True
1778051497,reviews,v3,Running,True
1778051498,details,v1,Running,True
1778051498,details,v1,Running,True
1778051498,productpage,v1,Running,True
1778051498,productpage,v1,Running,True
1778051498,ratings,v1,Running,True
1778051498,ratings,v1,Running,True
1778051498,reviews,v3,Running,True
1778051498,reviews,v3,Running,True
1778051498,reviews,v3,Running,True
1778051499,details,v1,Running,True
1778051499,details,v1,Running,True
1778051499,productpage,v1,Running,True
1778051499,productpage,v1,Running,True
1778051499,ratings,v1,Running,True
1778051499,ratings,v1,Running,True
1778051499,reviews,v3,Running,True
1778051499,reviews,v3,Running,True
1778051499,reviews,v3,Running,True
1778051500,details,v1,Running,True
1778051500,details,v1,Running,True
1778051500,productpage,v1,Running,True
1778051500,productpage,v1,Running,True
1778051500,ratings,v1,Running,True
1778051500,ratings,v1,Running,True
1778051500,reviews,v3,Running,True
1778051500,reviews,v3,Running,True
1778051500,reviews,v3,Running,True
1778051501,details,v1,Running,True
1778051501,details,v1,Running,True
1778051501,productpage,v1,Running,True
1778051501,productpage,v1,Running,True
1778051501,ratings,v1,Running,True
1778051501,ratings,v1,Running,True
1778051501,reviews,v3,Running,True
1778051501,reviews,v3,Running,True
1778051501,reviews,v3,Running,True
1778051502,details,v1,Running,True
1778051502,details,v1,Running,True
1778051502,productpage,v1,Running,True
1778051502,productpage,v1,Running,True
1778051502,ratings,v1,Running,True
1778051502,ratings,v1,Running,True
1778051502,reviews,v3,Running,True
1778051502,reviews,v3,Running,True
1778051502,reviews,v3,Running,True
1778051503,details,v1,Running,True
1778051503,details,v1,Running,True
1778051503,productpage,v1,Running,True
1778051503,productpage,v1,Running,True
1778051503,ratings,v1,Running,True
1778051503,ratings,v1,Running,True
1778051503,reviews,v3,Running,True
1778051503,reviews,v3,Running,True
1778051503,reviews,v3,Running,True
1778051504,details,v1,Running,True
1778051504,details,v1,Running,True
1778051504,productpage,v1,Running,True
1778051504,productpage,v1,Running,True
1778051504,ratings,v1,Running,True
1778051504,ratings,v1,Running,True
1778051504,reviews,v3,Running,True
1778051504,reviews,v3,Running,True
1778051504,reviews,v3,Running,True
1778051505,details,v1,Running,True
1778051505,details,v1,Running,True
1778051505,productpage,v1,Running,True
1778051505,productpage,v1,Running,True
1778051505,ratings,v1,Running,True
1778051505,ratings,v1,Running,True
1778051505,reviews,v3,Running,True
1778051505,reviews,v3,Running,True
1778051505,reviews,v3,Running,True
1778051506,details,v1,Running,True
1778051506,details,v1,Running,True
1778051506,productpage,v1,Running,True
1778051506,productpage,v1,Running,True
1778051506,ratings,v1,Running,True
1778051506,ratings,v1,Running,True
1778051506,reviews,v3,Running,True
1778051506,reviews,v3,Running,True
1778051506,reviews,v3,Running,True
1778051507,details,v1,Running,True
1778051507,details,v1,Running,True
1778051507,productpage,v1,Running,True
1778051507,productpage,v1,Running,True
1778051507,ratings,v1,Running,True
1778051507,ratings,v1,Running,True
1778051507,reviews,v3,Running,True
1778051507,reviews,v3,Running,True
1778051507,reviews,v3,Running,True
1778051508,details,v1,Running,True
1778051508,details,v1,Running,True
1778051508,productpage,v1,Running,True
1778051508,productpage,v1,Running,True
1778051508,ratings,v1,Running,True
1778051508,ratings,v1,Running,True
1778051508,reviews,v3,Running,True
1778051508,reviews,v3,Running,True
1778051508,reviews,v3,Running,True
1778051509,details,v1,Running,True
1778051509,details,v1,Running,True
1778051509,productpage,v1,Running,True
1778051509,productpage,v1,Running,True
1778051509,ratings,v1,Running,True
1778051509,ratings,v1,Running,True
1778051509,reviews,v3,Running,True
1778051509,reviews,v3,Running,True
1778051509,reviews,v3,Running,True
1778051510,details,v1,Running,True
1778051510,details,v1,Running,True
1778051510,productpage,v1,Running,True
1778051510,productpage,v1,Running,True
1778051510,ratings,v1,Running,True
1778051510,ratings,v1,Running,True
1778051510,reviews,v3,Running,True
1778051510,reviews,v3,Running,True
1778051510,reviews,v3,Running,True
1778051511,details,v1,Running,True
1778051511,details,v1,Running,True
1778051511,productpage,v1,Running,True
1778051511,productpage,v1,Running,True
1778051511,ratings,v1,Running,True
1778051511,ratings,v1,Running,True
1778051511,reviews,v3,Running,True
1778051511,reviews,v3,Running,True
1778051511,reviews,v3,Running,True
1778051512,details,v1,Running,True
1778051512,details,v1,Running,True
1778051512,productpage,v1,Running,True
1778051512,productpage,v1,Running,True
1778051512,ratings,v1,Running,True
1778051512,ratings,v1,Running,True
1778051512,reviews,v3,Running,True
1778051512,reviews,v3,Running,True
1778051512,reviews,v3,Running,True
1778051513,details,v1,Running,True
1778051513,details,v1,Running,True
1778051513,productpage,v1,Running,True
1778051513,productpage,v1,Running,True
1778051513,ratings,v1,Running,True
1778051513,ratings,v1,Running,True
1778051513,reviews,v3,Running,True
1778051513,reviews,v3,Running,True
1778051513,reviews,v3,Running,True
1778051514,details,v1,Running,True
1778051514,details,v1,Running,True
1778051514,productpage,v1,Running,True
1778051514,productpage,v1,Running,True
1778051514,ratings,v1,Running,True
1778051514,ratings,v1,Running,True
1778051514,reviews,v3,Running,True
1778051514,reviews,v3,Running,True
1778051514,reviews,v3,Running,True
1778051515,details,v1,Running,True
1778051515,details,v1,Running,True
1778051515,productpage,v1,Running,True
1778051515,productpage,v1,Running,True
1778051515,ratings,v1,Running,True
1778051515,ratings,v1,Running,True
1778051515,reviews,v3,Running,True
1778051515,reviews,v3,Running,True
1778051515,reviews,v3,Running,True
1778051516,details,v1,Running,True
1778051516,details,v1,Running,True
1778051516,productpage,v1,Running,True
1778051516,productpage,v1,Running,True
1778051516,ratings,v1,Running,True
1778051516,ratings,v1,Running,True
1778051516,reviews,v3,Running,True
1778051516,reviews,v3,Running,True
1778051516,reviews,v3,Running,True
1778051517,details,v1,Running,True
1778051517,details,v1,Running,True
1778051517,productpage,v1,Running,True
1778051517,productpage,v1,Running,True
1778051517,ratings,v1,Running,True
1778051517,ratings,v1,Running,True
1778051517,reviews,v3,Running,True
1778051517,reviews,v3,Running,True
1778051517,reviews,v3,Running,True
1778051518,details,v1,Running,True
1778051518,details,v1,Running,True
1778051518,productpage,v1,Running,True
1778051518,productpage,v1,Running,True
1778051518,ratings,v1,Running,True
1778051518,ratings,v1,Running,True
1778051518,reviews,v3,Running,True
1778051518,reviews,v3,Running,True
1778051518,reviews,v3,Running,True
1778051519,details,v1,Running,True
1778051519,details,v1,Running,True
1778051519,productpage,v1,Running,True
1778051519,productpage,v1,Running,True
1778051519,ratings,v1,Running,True
1778051519,ratings,v1,Running,True
1778051519,reviews,v3,Running,True
1778051519,reviews,v3,Running,True
1778051519,reviews,v3,Running,True
1778051520,details,v1,Running,True
1778051520,details,v1,Running,True
1778051520,productpage,v1,Running,True
1778051520,productpage,v1,Running,True
1778051520,ratings,v1,Running,True
1778051520,ratings,v1,Running,True
1778051520,reviews,v3,Running,True
1778051520,reviews,v3,Running,True
1778051520,reviews,v3,Running,True
1778051521,details,v1,Running,True
1778051521,details,v1,Running,True
1778051521,productpage,v1,Running,True
1778051521,productpage,v1,Running,True
1778051521,ratings,v1,Running,True
1778051521,ratings,v1,Running,True
1778051521,reviews,v3,Running,True
1778051521,reviews,v3,Running,True
1778051521,reviews,v3,Running,True
1778051522,details,v1,Running,True
1778051522,details,v1,Running,True
1778051522,productpage,v1,Running,True
1778051522,productpage,v1,Running,True
1778051522,ratings,v1,Running,True
1778051522,ratings,v1,Running,True
1778051522,reviews,v3,Running,True
1778051522,reviews,v3,Running,True
1778051522,reviews,v3,Running,True
1778051523,details,v1,Running,True
1778051523,details,v1,Running,True
1778051523,productpage,v1,Running,True
1778051523,productpage,v1,Running,True
1778051523,ratings,v1,Running,True
1778051523,ratings,v1,Running,True
1778051523,reviews,v3,Running,True
1778051523,reviews,v3,Running,True
1778051523,reviews,v3,Running,True
1778051524,details,v1,Running,True
1778051524,details,v1,Running,True
1778051524,productpage,v1,Running,True
1778051524,productpage,v1,Running,True
1778051524,ratings,v1,Running,True
1778051524,ratings,v1,Running,True
1778051524,reviews,v3,Running,True
1778051524,reviews,v3,Running,True
1778051524,reviews,v3,Running,True
1778051525,details,v1,Running,True
1778051525,details,v1,Running,True
1778051525,productpage,v1,Running,True
1778051525,productpage,v1,Running,True
1778051525,ratings,v1,Running,True
1778051525,ratings,v1,Running,True
1778051525,reviews,v3,Running,True
1778051525,reviews,v3,Running,True
1778051525,reviews,v3,Running,True
1778051526,details,v1,Running,True
1778051526,details,v1,Running,True
1778051526,productpage,v1,Running,True
1778051526,productpage,v1,Running,True
1778051526,ratings,v1,Running,True
1778051526,ratings,v1,Running,True
1778051526,reviews,v3,Running,True
1778051526,reviews,v3,Running,True
1778051526,reviews,v3,Running,True
1778051527,details,v1,Running,True
1778051527,details,v1,Running,True
1778051527,productpage,v1,Running,True
1778051527,productpage,v1,Running,True
1778051527,ratings,v1,Running,True
1778051527,ratings,v1,Running,True
1778051527,reviews,v3,Running,True
1778051527,reviews,v3,Running,True
1778051527,reviews,v3,Running,True
1778051528,details,v1,Running,True
1778051528,details,v1,Running,True
1778051528,productpage,v1,Running,True
1778051528,productpage,v1,Running,True
1778051528,ratings,v1,Running,True
1778051528,ratings,v1,Running,True
1778051528,reviews,v3,Running,True
1778051528,reviews,v3,Running,True
1778051528,reviews,v3,Running,True
1778051529,details,v1,Running,True
1778051529,details,v1,Running,True
1778051529,productpage,v1,Running,True
1778051529,productpage,v1,Running,True
1778051529,ratings,v1,Running,True
1778051529,ratings,v1,Running,True
1778051529,reviews,v3,Running,True
1778051529,reviews,v3,Running,True
1778051529,reviews,v3,Running,True
1778051530,details,v1,Running,True
1778051530,details,v1,Running,True
1778051530,productpage,v1,Running,True
1778051530,productpage,v1,Running,True
1778051530,ratings,v1,Running,True
1778051530,ratings,v1,Running,True
1778051530,reviews,v3,Running,True
1778051530,reviews,v3,Running,True
1778051530,reviews,v3,Running,True
1778051531,details,v1,Running,True
1778051531,details,v1,Running,True
1778051531,productpage,v1,Running,True
1778051531,productpage,v1,Running,True
1778051531,ratings,v1,Running,True
1778051531,ratings,v1,Running,True
1778051531,reviews,v3,Running,True
1778051531,reviews,v3,Running,True
1778051531,reviews,v3,Running,True
1778051532,details,v1,Running,True
1778051532,details,v1,Running,True
1778051532,productpage,v1,Running,True
1778051532,productpage,v1,Running,True
1778051532,ratings,v1,Running,True
1778051532,ratings,v1,Running,True
1778051532,reviews,v3,Running,True
1778051532,reviews,v3,Running,True
1778051532,reviews,v3,Running,True
1778051533,details,v1,Running,True
1778051533,details,v1,Running,True
1778051533,productpage,v1,Running,True
1778051533,productpage,v1,Running,True
1778051533,ratings,v1,Running,True
1778051533,ratings,v1,Running,True
1778051533,reviews,v3,Running,True
1778051533,reviews,v3,Running,True
1778051533,reviews,v3,Running,True
1778051534,details,v1,Running,True
1778051534,details,v1,Running,True
1778051534,productpage,v1,Running,True
1778051534,productpage,v1,Running,True
1778051534,ratings,v1,Running,True
1778051534,ratings,v1,Running,True
1778051534,reviews,v3,Running,True
1778051534,reviews,v3,Running,True
1778051534,reviews,v3,Running,True
1778051535,details,v1,Running,True
1778051535,details,v1,Running,True
1778051535,productpage,v1,Running,True
1778051535,productpage,v1,Running,True
1778051535,ratings,v1,Running,True
1778051535,ratings,v1,Running,True
1778051535,reviews,v3,Running,True
1778051535,reviews,v3,Running,True
1778051535,reviews,v3,Running,True
1778051536,details,v1,Running,True
1778051536,details,v1,Running,True
1778051536,productpage,v1,Running,True
1778051536,productpage,v1,Running,True
1778051536,ratings,v1,Running,True
1778051536,ratings,v1,Running,True
1778051536,reviews,v3,Running,True
1778051536,reviews,v3,Running,True
1778051536,reviews,v3,Running,True
1778051537,details,v1,Running,True
1778051537,details,v1,Running,True
1778051537,productpage,v1,Running,True
1778051537,productpage,v1,Running,True
1778051537,ratings,v1,Running,True
1778051537,ratings,v1,Running,True
1778051537,reviews,v3,Running,True
1778051537,reviews,v3,Running,True
1778051537,reviews,v3,Running,True
1778051538,details,v1,Running,True
1778051538,details,v1,Running,True
1778051538,productpage,v1,Running,True
1778051538,productpage,v1,Running,True
1778051538,ratings,v1,Running,True
1778051538,ratings,v1,Running,True
1778051538,reviews,v3,Running,True
1778051538,reviews,v3,Running,True
1778051538,reviews,v3,Running,True
1778051539,details,v1,Running,True
1778051539,details,v1,Running,True
1778051539,productpage,v1,Running,True
1778051539,productpage,v1,Running,True
1778051539,ratings,v1,Running,True
1778051539,ratings,v1,Running,True
1778051539,reviews,v3,Running,True
1778051539,reviews,v3,Running,True
1778051539,reviews,v3,Running,True
1778051540,details,v1,Running,True
1778051540,details,v1,Running,True
1778051540,productpage,v1,Running,True
1778051540,productpage,v1,Running,True
1778051540,ratings,v1,Running,True
1778051540,ratings,v1,Running,True
1778051540,reviews,v3,Running,True
1778051540,reviews,v3,Running,True
1778051540,reviews,v3,Running,True
1778051541,details,v1,Running,True
1778051541,details,v1,Running,True
1778051541,productpage,v1,Running,True
1778051541,productpage,v1,Running,True
1778051541,ratings,v1,Running,True
1778051541,ratings,v1,Running,True
1778051541,reviews,v3,Running,True
1778051541,reviews,v3,Running,True
1778051541,reviews,v3,Running,True
