# Pooled-histogram latency for st5-AttUpd
# QPS        p50(ms)      p90(ms)      p99(ms)
  100        35.91        46.72        64.00       
  200        45.88        68.01        104.85      
  300        72.18        181.52       405.87      
  400        504.52       10264.32     20615.83    
  500        11315.28     25609.05     37947.96    
  600        21256.48     37625.75     49505.40    
  700        27760.94     46728.77     58227.98    
  800        34433.63     55017.20     65815.46    
