# Pooled-histogram latency for istio
# QPS        p50(ms)      p90(ms)      p99(ms)
  100        36.86        47.86        65.61       
  200        40.31        57.91        86.58       
  300        64.21        142.61       327.36      
  400        770.01       6180.43      13556.51    
  500        10732.87     24092.05     33340.13    
  600        19530.19     36741.09     46733.35    
  700        27538.91     45864.70     55595.43    
  800        33260.03     53279.42     64531.03    
