# End-to-end latency: Istio vs Mazu
# QPS    Istio_p50(ms)   Istio_p90(ms)   Istio_p99(ms)   Mazu_p50(ms)    Mazu_p90(ms)    Mazu_p99(ms)  
  100    32.69           42.37           57.41           35.01           47.07           66.88         
  200    36.45           54.14           80.83           49.41           72.32           109.82        
  300    53.69           102.01          238.85          72.00           174.21          374.02        
  400    3630.00         10780.00        17600.00        164.22          864.77          2690.00       
  500    15120.00        26850.00        35390.00        10970.00        21300.00        27970.00      
  600    23940.00        40140.00        47970.00        20530.00        34370.00        42270.00      
  700    29740.00        49450.00        57600.00        26170.00        44500.00        52800.00      
  800    34080.00        57600.00        65400.00        31290.00        54000.00        61800.00      
